////////////////////////////////////////////////////////////////////////////////////////////////
Name
&&&&&&
Indonesia
1609,688
&&&&&&
////////////////////////////////////////////////////////////////////////////////////////////////
Neighbors
------
38
39
40
41
------
///////////////////////////////////////////////////////////////////////////////////////
FigurePositions:
*******
1672,689
1654,720
1628,671
1608,701
1618,749
1572,731
1538,702
*******
///////////////////////////////////////////////////////////////////////////////////////
Fläche: 

18
1601,744
1651,761
1634,759
1608,757
1583,756
1576,749
1568,748
1557,730
1540,710
1589,735
1596,740
1601,739
1603,735
1612,737
1623,746
1636,751
1644,755
1651,761

11
1579,730
1589,735
1540,710
1568,712
1576,719
1580,727
1586,721
1589,720
1594,725
1588,730
1589,735

5
1568,712
1569,703
1578,709
1579,713
1576,719

17
1538,685
1568,712
1540,710
1533,704
1535,697
1528,693
1525,687
1514,678
1507,669
1505,665
1518,670
1530,673
1544,691
1551,696
1562,706
1540,710
1568,712

14
1634,659
1612,672
1620,667
1622,663
1618,662
1618,661
1623,655
1630,656
1631,648
1644,660
1643,664
1638,668
1638,673
1612,672

24
1602,693
1638,673
1648,680
1647,682
1641,684
1638,693
1632,703
1632,713
1636,715
1636,721
1631,725
1615,724
1612,721
1604,721
1598,716
1596,704
1594,704
1593,697
1591,694
1593,690
1598,690
1599,685
1612,672
1638,673

26
1652,695
1645,740
1644,736
1644,708
1650,699
1656,687
1662,686
1665,689
1669,689
1670,686
1677,686
1679,683
1682,683
1684,688
1683,694
1669,695
1662,700
1663,703
1671,717
1672,724
1665,732
1662,731
1657,721
1654,729
1650,733
1645,740