////////////////////////////////////////////////////////////////////////////////////////////////
Name
&&&&&&
Guinea
1772,718
&&&&&&
////////////////////////////////////////////////////////////////////////////////////////////////
Neighbors
------
39
40
42
------
///////////////////////////////////////////////////////////////////////////////////////
FigurePositions:
*******
1811,750
1789,723
1763,728
1730,708
*******
///////////////////////////////////////////////////////////////////////////////////////
Fläche: 

17
1814,755
1811,741
1811,745
1819,753
1810,754
1819,753
1829,760
1836,763
1839,767
1831,765
1821,762
1811,761
1806,760
1801,754
1795,745
1793,743
1811,741

38
1779,725
1750,733
1747,716
1748,712
1751,709
1752,703
1754,701
1759,701
1766,709
1774,716
1777,713
1781,713
1788,718
1792,718
1795,715
1800,720
1803,725
1809,734
1814,737
1814,741
1811,741
1793,743
1789,743
1787,745
1787,751
1784,753
1778,755
1776,752
1773,752
1771,749
1766,749
1763,752
1760,750
1758,747
1757,734
1750,733
1749,731
1748,724

24
1723,701
1748,724
1743,724
1740,722
1736,722
1732,719
1729,721
1723,725
1722,722
1721,710
1716,705
1705,704
1716,699
1721,695
1723,694
1727,699
1737,696
1744,697
1745,702
1744,703
1739,707
1740,713
1743,716
1748,724

3
1743,716
1748,716
1748,724