////////////////////////////////////////////////////////////////////////////////////////////////
Name
$$$$$$
1
$$$$$$
&&&&&&
Eastern Australia
1749,821
&&&&&&
////////////////////////////////////////////////////////////////////////////////////////////////
Neighbors
------
39
41
------
///////////////////////////////////////////////////////////////////////////////////////
FigurePositions:
*******
1714,789
1704,841
1755,830
1789,805
1782,871
1813,865
1810,922
1783,931
*******
///////////////////////////////////////////////////////////////////////////////////////
Fläche: 

35
1694,800
1685,791
1689,791
1692,781
1695,777
1700,775
1708,771
1711,769
1727,773
1735,773
1739,770
1743,768
1749,769
1749,773
1744,776
1738,781
1733,784
1730,786
1734,791
1741,797
1750,797
1757,803
1761,807
1815,829
1816,837
1828,843
1842,857
1845,864
1843,875
1852,882
1845,903
1832,919
1760,872
1685,872
1685,791

19
1783,801
1761,807
1768,802
1773,794
1776,788
1776,774
1776,768
1778,764
1782,761
1785,759
1787,768
1790,778
1791,784
1794,785
1803,790
1801,804
1807,822
1815,829
1761,807

15
1832,919
1819,945
1815,962
1806,969
1796,969
1790,969
1784,976
1778,976
1775,974
1771,969
1767,969
1763,975
1760,973
1760,872
1832,919