////////////////////////////////////////////////////////////////////////////////////////////////
Name
&&&&&&
Western Australia
1660,880
&&&&&&
////////////////////////////////////////////////////////////////////////////////////////////////
Neighbors
------
40
41
42
------
///////////////////////////////////////////////////////////////////////////////////////
FigurePositions:
*******
1659,818
1632,857
1601,855
1591,907
1646,907
1733,901
1684,894
*******
///////////////////////////////////////////////////////////////////////////////////////
Fläche: 

20
1744,889
1685,872
1760,872
1760,973
1758,973
1753,972
1749,972
1745,972
1743,969
1742,954
1740,954
1739,928
1735,927
1725,937
1722,937
1717,933
1710,923
1701,917
1689,918
1685,872

45
1649,876
1685,872
1689,918
1689,918
1683,924
1679,925
1670,921
1663,921
1662,929
1655,936
1650,942
1645,942
1638,936
1630,936
1621,942
1609,948
1595,951
1583,947
1576,941
1578,935
1575,929
1578,921
1574,912
1571,902
1571,885
1569,872
1572,861
1579,852
1584,850
1585,845
1594,840
1602,840
1612,831
1623,822
1631,820
1639,809
1648,802
1657,798
1664,791
1667,786
1677,782
1680,782
1680,790
1685,791
1685,872