////////////////////////////////////////////////////////////////////////////////////////////////
Name
&&&&&&
Alaska
131,187
&&&&&&
////////////////////////////////////////////////////////////////////////////////////////////////
Neighbors
------
12
14
30
------
///////////////////////////////////////////////////////////////////////////////////////
FigurePositions:
*******
77,243
59,214
98,214
90,180
138,211
122,185
151,170
187,170
166,208
202,246
*******
///////////////////////////////////////////////////////////////////////////////////////
Flächen:

33
187,219
205,155
194,220
215,231
231,243
231,280
216,277
201,256
189,241
175,234
163,227
147,225
65,206
67,203
63,198
56,195
54,185
62,178
69,176
76,176
76,165
72,159
71,156
74,152
80,150
96,150
102,147
119,141
125,139
139,146
157,152
189,154
205,155

5
147,225
134,231
123,238
120,229
115,229

24
84,224
147,225
115,229
105,236
96,250
95,258
83,260
81,257
78,257
76,258
70,260
64,263
69,241
64,237
52,239
51,231
39,224
34,219
40,211
48,200
54,201
59,205
65,206
147,225

7
54,266
38,265
51,258
65,250
69,247
64,263
38,265