////////////////////////////////////////////////////////////////////////////////////////////////
Name
&&&&&&
Alberta
312,272
&&&&&&
////////////////////////////////////////////////////////////////////////////////////////////////
Neighbors
------
11
12
15
17
------
///////////////////////////////////////////////////////////////////////////////////////
FigurePositions:
*******
260,288
285,267
308,297
332,273
350,296
373,260
309,251
253,250
*******
///////////////////////////////////////////////////////////////////////////////////////
Flächen:

11
377,288
393,231
393,306
367,314
255,314
247,301
244,293
231,280
231,243
215,231
393,231

5
255,314
255,328
247,330
241,304
247,301