////////////////////////////////////////////////////////////////////////////////////////////////
Name
&&&&&&
Central America
366,475
&&&&&&
////////////////////////////////////////////////////////////////////////////////////////////////
Neighbors
------
07
17
18
------
///////////////////////////////////////////////////////////////////////////////////////
FigurePositions:
*******
398,525
408,491
374,502
341,493
349,455
312,480
284,442
320,446
*******
///////////////////////////////////////////////////////////////////////////////////////
Flächen:

24
300,446
259,423
285,423
296,433
308,436
320,430
336,430
346,441
352,441
361,455
359,464
362,478
368,487
373,514
359,514
345,508
326,497
304,489
290,474
280,454
272,441
267,441
261,432
259,423

27
399,507
409,541
396,545
388,537
386,526
378,517
373,514
368,487
379,490
395,487
400,479
409,477
421,478
423,484
415,495
409,503
406,507
407,510
412,510
423,513
423,516
420,521
413,527
410,530
407,534
406,535
409,541