////////////////////////////////////////////////////////////////////////////////////////////////
Name
&&&&&&
Northwest Territory
336,190
&&&&&&
////////////////////////////////////////////////////////////////////////////////////////////////
Neighbors
------
11
13
14
15
------
///////////////////////////////////////////////////////////////////////////////////////
FigurePositions:
*******
231,208
264,175
300,207
330,176
362,207
396,168
415,206
456,172
433,134
358,142
*******
///////////////////////////////////////////////////////////////////////////////////////
Flächen:

19
237,205
440,230
423,231
215,231
194,220
205,155
228,159
247,156
267,152
279,150
286,154
289,154
296,150
303,148
311,152
316,153
326,157
329,157
440,230

45
427,153
329,147
338,135
340,131
329,125
320,111
340,106
353,94
361,94
368,97
374,96
379,93
385,99
386,103
392,99
394,96
405,99
424,100
428,104
435,99
453,98
467,93
481,78
484,83
488,87
495,94
499,98
503,96
487,129
484,133
484,150
493,162
515,190
514,196
521,201
500,194
498,192
486,203
469,209
454,218
445,225
442,227
440,230
329,157
329,147

7
329,125
317,129
303,132
293,133
291,130
303,121
320,111

10
471,80
467,93
466,86
463,81
461,76
463,73
472,73
476,77
481,78
467,93

39
529,66
503,96
509,90
506,85
501,83
492,82
487,78
490,73
495,68
496,58
491,54
485,51
494,44
499,37
509,40
514,39
519,35
528,31
604,30
620,38
635,44
645,46
651,48
647,51
631,54
619,62
601,66
586,72
572,78
561,83
555,90
546,97
535,102
535,109
529,113
511,114
500,128
487,129
503,96

5
493,162
507,161
505,169
508,171
515,190

16
525,168
508,171
512,167
517,165
517,160
515,157
514,150
551,157
539,162
535,168
534,172
530,177
525,184
518,188
515,190
508,171

3
551,157
545,161
539,162

5
619,176
629,176
633,182
637,187
634,190

34
564,136
514,150
509,147
503,146
501,141
505,136
512,129
523,126
543,126
548,123
561,123
572,132
581,128
587,134
604,145
615,159
614,170
619,176
634,190
625,197
619,204
615,209
615,214
608,213
599,213
594,209
590,209
570,175
565,176
563,163
561,154
558,150
551,157
514,150

9
570,183
570,175
590,209
585,206
572,198
553,197
549,192
553,189
564,186

9
557,173
565,176
559,183
547,182
546,171
550,168
558,168
563,163
565,176

16
521,222
521,201
529,204
532,210
529,213
529,226
521,227
517,230
501,229
494,225
499,221
505,220
517,222
517,216
512,209
521,201

9
505,202
512,209
506,209
497,215
492,212
490,204
500,194
521,201
512,209

