////////////////////////////////////////////////////////////////////////////////////////////////
Name
$$$$$$
1
$$$$$$
&&&&&&
Ontario
450,270
&&&&&&
////////////////////////////////////////////////////////////////////////////////////////////////
Neighbors
------
12
13
14
16
17
18
------
///////////////////////////////////////////////////////////////////////////////////////
FigurePositions:
*******
406,248
432,268
407,290
449,299
489,289
500,340
467,268
*******
///////////////////////////////////////////////////////////////////////////////////////
Flächen:

21
437,266
483,313
474,313
467,316
453,317
447,324
427,316
393,306
393,231
423,231
440,230
442,240
454,254
468,265
489,269
505,273
512,281
517,293
520,297
520,327
483,313

16
511,342
483,313
486,318
488,322
483,329
479,331
476,330
470,336
472,338
484,362
503,362
544,345
544,335
530,335
520,327
483,313

3
476,330
466,341
472,338

4
471,357
472,352
472,338
484,362