////////////////////////////////////////////////////////////////////////////////////////////////
Name
&&&&&&
Eastern Canada
596,278
&&&&&&
////////////////////////////////////////////////////////////////////////////////////////////////
Neighbors
------
13
15
18
------
///////////////////////////////////////////////////////////////////////////////////////
FigurePositions:
*******
536,315
566,323
602,291
643,278
672,311
633,241
573,234
*******
///////////////////////////////////////////////////////////////////////////////////////
Flächen:

10
580,280
520,297
520,327
530,335
544,335
553,342
569,342
592,318
612,311
636,313

12
580,280
520,297
527,291
530,287
533,278
529,273
532,269
538,267
549,257
550,251
545,244
636,313

16
593,243
545,244
540,242
540,240
543,237
553,235
554,234
555,213
563,213
572,216
584,219
598,227
607,235
606,246
636,313
545,244

18
625,275
610,249
617,246
625,237
631,230
636,227
639,234
639,245
646,265
659,273
674,284
680,298
663,299
658,299
646,305
636,313
606,246
610,249

12
672,314
680,298
684,310
684,324
678,332
665,332
649,326
642,320
653,312
663,304
663,299
680,298
