////////////////////////////////////////////////////////////////////////////////////////////////
Name
$$$$$$
1
$$$$$$
&&&&&&
Eastern States
458,397
&&&&&&
////////////////////////////////////////////////////////////////////////////////////////////////
Neighbors
------
15
16
17
19
------
///////////////////////////////////////////////////////////////////////////////////////
FigurePositions:
*******
374,421
406,391
437,421
443,350
462,385
490,405
514,376
550,359
601,339
476,454
*******
///////////////////////////////////////////////////////////////////////////////////////
Flächen:

6
573,348
553,342
569,342
592,318
612,311
636,313

14
596,343
636,313
632,317
618,332
616,337
619,341
635,340
637,340
625,349
608,359
597,354
592,346
583,346
636,313

3
573,348
583,346
636,313

20
550,357
573,348
583,346
573,355
574,364
567,368
550,373
535,382
527,391
523,399
511,408
496,420
485,427
480,431
484,362
503,362
544,345
544,335
553,342
573,348

9
480,431
488,442
489,450
484,463
475,471
472,466
468,455
469,439
466,435

20
440,380
480,431
466,435
460,438
450,438
438,436
434,441
428,439
418,438
413,435
400,435
395,439
388,439
383,442
372,446
361,455
352,441
440,380
484,361
480,431

13
398,399
440,380
427,375
392,379
385,375
386,388
368,395
368,405
361,415
351,425
358,436
352,441
440,380

15
430,359
427,375
427,316
447,324
457,324
457,322
471,322
476,330
466,341
460,350
460,357
471,357
484,362
440,383
427,375

3
499,365
460,364
484,411
