////////////////////////////////////////////////////////////////////////////////////////////////
Name
$$$$$$
1
$$$$$$
&&&&&&
Western States
331,355
&&&&&&
////////////////////////////////////////////////////////////////////////////////////////////////
Neighbors
------
14
15
18
19
------
///////////////////////////////////////////////////////////////////////////////////////
FigurePositions:
*******
395,329
371,361
337,403
289,401
255,369
267,334
318,329
293,365
335,359
*******
///////////////////////////////////////////////////////////////////////////////////////
Flächen:

26
362,321
393,306
427,316
427,375
392,379
385,375
386,388
368,395
368,405
361,415
351,425
336,430
320,430
308,436
296,433
285,423
259,423
254,412
240,384
237,368
240,354
247,330
255,328
255,314
367,314
393,306

5
351,425
358,436
352,441
346,441
336,430