///////////////////////////////////////////////////////////////////////////////////////////////////////////////////////////////
i=0 Afrika

129
1087,498
1090,505
1092,516
1085,520
1090,527
1096,534
1106,545
1105,553
1108,556
1107,561
1110,562
1122,574
1131,595
1137,609
1151,626
1160,646
1172,646
1198,643
1211,636
1212,642
1209,646
1210,657
1187,688
1179,709
1163,721
1137,743
1126,770
1126,782
1141,793
1143,803
1143,824
1138,836
1113,855
1108,856
1107,878
1096,893
1085,904
1085,913
1090,917
1090,925
1081,932
1072,938
1071,954
1056,960
1037,966
1023,966
1006,976
1000,973
997,969
996,964
985,951
990,943
975,915
970,903
971,881
957,856
952,844
948,832
950,814
955,815
961,823
961,812
956,792
955,779
960,774
961,768
958,763
951,753
937,738
923,728
923,724
932,715
932,702
933,693
923,684
914,683
901,673
878,672
868,680
864,680
854,674
851,674
832,684
819,683
811,677
800,668
783,647
772,634
759,620
757,606
760,595
764,580
764,572
756,562
756,559
767,547
770,529
776,522
800,511
806,504
807,497
804,494
804,488
815,478
827,469
833,458
837,458
843,465
854,463
869,461
891,451
923,451
931,454
938,463
936,469
931,476
942,478
952,483
955,492
975,494
990,498
993,495
992,479
997,479
1010,487
1025,487
1039,490
1071,499
1087,498
///////////////////////////////////////////////////////////////////////////////////////////////////////////////////////////////
i=1 Südamerika

104
396,546
409,542
413,546
417,543
424,543
431,549
434,548
441,539
445,537
459,530
472,527
482,524
487,534
489,537
493,532
506,530
509,536
516,537
520,534
526,533
543,546
555,550
569,561
591,568
606,574
612,580
624,591
629,602
640,608
652,610
669,619
696,627
719,637
726,654
714,669
705,682
700,696
704,712
696,723
686,736
678,753
650,757
637,772
634,784
633,798
619,815
608,831
592,838
589,841
593,851
591,858
584,865
576,867
564,868
559,873
559,882
548,893
546,908
540,918
544,926
541,940
538,948
531,957
538,966
539,973
554,986
569,995
584,1002
571,1008
562,1011
553,1008
545,999
539,999
533,1003
525,1003
516,993
502,981
489,963
479,951
472,938
472,878
476,849
479,821
482,783
483,733
481,730
472,722
458,714
450,711
430,689
410,662 
400,649
399,640
405,633
406,619
403,613
408,607
415,606
415,597
422,585
421,570
415,561
405,555
396,546
///////////////////////////////////////////////////////////////////////////////////////////////////////////////////////////////
i=2 Nordamerika

375
409,541
396,545
388,537
386,526
378,517
373,514
359,514
345,508
326,497
304,489
290,474
280,454
272,441
267,441
261,432
259,423
254,412
240,384
237,368
240,354
247,330
241,304
247,301
244,293
231,280
216,277
201,256
189,241
175,234
163,227
147,225
134,231
123,238
120,229
115,229
105,236
96,250
95,258
83,260
81,257
78,257
76,258
70,260
64,263
54,266
38,265
51,258
65,250
69,247
69,241
64,237
52,239
51,231
39,224
34,219
40,211
48,200
54,201
59,205
65,206
67,203
63,198
56,195
54,185
62,178
69,176
76,176
76,165
72,159
71,156
74,152
80,150
96,150
102,147
119,141
125,139
139,146
157,152
189,154
205,155
228,159
247,156
267,152
279,150
286,154
289,154
296,150
303,148
311,152
316,153
326,157
329,157
329,147
338,135
340,131
329,125
317,129
303,132
293,133
291,130
303,121
320,111
340,106
353,94
361,94
368,97
374,96
379,93
385,99
386,103
392,99
394,96
405,99
424,100
428,104
435,99
453,98
467,93
466,86
463,81
461,76
463,73
472,73
476,77
481,78
484,83
488,87
495,94
499,98
503,96
509,90
506,85
501,83
492,82
487,78
490,73
495,68
496,58
491,54
485,51
494,44
499,37
509,40
514,39
519,35
528,31
604,30
620,38
635,44
645,46
651,48
647,51
631,54
619,62
601,66
586,72
572,78
561,83
555,90
546,97
535,102
535,109
529,113
511,114
500,128
487,129
484,133
484,150
493,162
507,161
505,169
508,171
512,167
517,165
517,160
515,157
514,150
509,147
503,146
501,141
505,136
512,129
523,126
543,126
548,123
561,123
572,132
581,128
587,134
604,145
615,159
614,170
619,176
629,176
633,182
637,187
634,190
625,197
619,204
615,209
615,214
608,213
599,213
594,209
590,209
585,206
572,198
553,197
549,192
553,189
564,186
570,183
570,175
565,176
559,183
547,182
546,171
550,168
558,168
563,163
561,154
558,150
551,157
545,161
539,162
535,168
534,172
530,177
525,184
518,188
515,190
514,196
521,201
529,204
532,210
529,213
529,226
521,227
517,230
501,229
494,225
499,221
505,220
517,222
517,216
512,209
506,209
497,215
492,212
490,204
500,194
498,192
486,203
469,209
454,218
445,225
442,227
440,230
442,240
454,254
468,265
489,269
505,273
512,281
517,293
520,297
527,291
530,287
533,278
529,273
532,269
538,267
549,257
550,251
545,244
540,242
540,240
543,237
553,235
554,234
555,213
563,213
572,216
584,219
598,227
607,235
606,246
610,249
617,246
625,237
631,230
636,227
639,234
639,245
646,265
659,273
674,284
680,298
684,310
684,324
678,332
665,332
649,326
642,320
653,312
663,304
663,299
658,299
646,305
636,313
632,317
618,332
616,337
619,341
635,340
637,340
625,349
608,359
597,354
592,346
583,346
573,355
574,364
567,368
550,373
535,382
527,391
523,399
511,408
496,420
485,427
480,431
488,442
489,450
484,463
475,471
472,466
468,455
469,439
466,435
460,438
450,438
438,436
434,441
428,439
418,438
413,435
400,435
395,439
388,439
383,442
372,446
361,455
359,464
362,478
368,487
379,490
395,487
400,479
409,477
421,478
423,484
415,495
409,503
406,507
407,510
412,510
423,513
423,516
420,521
413,527
410,530
407,534
406,535
409,541
///////////////////////////////////////////////////////////////////////////////////////////////////////////////////////////////
i=3 Europa

340
1020,429
1027,420
1033,411
1035,408
1041,412
1046,414
1059,415
1068,407
1079,406
1091,409
1099,414
1113,415
1122,412
1125,409
1138,414
1145,421
1153,431
1161,438
1165,439
1168,437
1175,436
1177,446
1184,449
1193,451
1207,450
1211,444
1212,440
1207,435
1200,432
1199,427
1203,421
1209,415
1210,411
1208,409
1201,409
1196,411
1192,412
1190,409
1191,404
1184,398
1179,394
1180,389
1186,383
1192,383
1196,380
1196,377
1193,373
1193,371
1186,370
1181,373
1173,376
1167,378
1164,376
1163,366
1156,360
1152,355
1150,353
1152,349
1153,343
1157,338
1163,335
1171,332
1180,328
1188,322
1194,322
1202,325
1225,327
1236,326
1250,323
1256,315
1257,310
1247,289
1232,275
1231,266
1239,245
1239,227
1235,211
1247,196
1247,188
1239,178
1225,177
1214,175
1193,168
1190,167
1190,169
1201,178
1210,183
1211,188
1207,189
1191,189
1182,194
1179,194
1177,191
1178,189
1179,185
1175,185
1170,184
1158,191
1148,194
1137,204
1130,209
1126,209
1123,205
1123,202
1123,199
1126,196
1125,192
1110,192
1107,195
1111,201
1116,208
1116,214
1113,214
1101,215
1095,219
1099,225
1097,227
1091,224
1086,219
1081,222
1074,227
1069,221
1065,214
1059,209
1052,208
1047,202
1048,194
1059,200
1068,206
1077,201
1085,201
1090,204
1095,203
1097,201
1098,195
1092,189
1076,181
1055,178
1044,171
1039,167
1034,167
1029,173
1025,174
1026,168
1029,163
1030,158
1020,158
1016,162
1008,156
1001,153
993,160
977,162
971,171
959,179
952,178
950,176
949,185
944,182
940,183
940,192
930,200
919,210
914,224
907,231
895,240
884,247
883,253
887,266
892,279
898,285
903,284
913,275
918,276
928,285
932,295
938,302
944,305
943,290
954,279
967,270
968,263
961,256
960,248
970,233
982,220
988,210
992,209
998,216
999,222
991,231
981,237
981,250
979,263
984,266
991,270
1002,265
1008,260
1013,260
1016,263
1019,263
1023,260
1025,259
1029,264
1030,267
1022,273
1018,273
1007,274
1000,277
998,277
998,281
1001,281
1009,285
1007,288
1001,292
997,292
990,284
987,282
986,286
986,296
988,305
983,314
980,315
975,304
972,304
953,311
933,318
926,317
923,312
924,303
926,301
922,294
917,290
904,289
900,295
900,301
904,306
908,311
914,314
914,318
903,323
893,329
885,337
875,346
865,352
848,358
841,358
838,362
841,367
848,375
855,379
858,385
859,391
857,399
847,401
838,398
823,397
811,397
808,401
811,404
813,410
810,417
807,429
806,440
809,442
809,447
818,447
825,448
829,454
833,455
838,454
850,448
865,447
874,443
875,432
871,426
871,417
880,406
888,399
896,399
900,404
908,404
913,398
917,394
922,394
926,402
934,411
944,417
948,421
951,426
958,426
965,435
962,436
961,441
958,443
958,449
961,451
966,448
971,444
973,441
973,438
970,435
970,431
970,429
972,428
974,431
978,434
979,434
982,430
972,419
965,415
955,411
949,403
946,397
943,392
942,384
947,384
955,395
966,405
982,417
990,424
996,430
993,442
997,453
1003,458
1006,457
1006,463
1012,467
1025,466
1027,463
1022,457
1016,453
1012,450
1015,446
1018,442
1015,437
1012,431
1011,426
1014,424
1018,425
1020,429
///////////////////////////////////////////////////////////////////////////////////////////////////////////////////////////////
i=4 Asien

464
1238,177
1238,171
1235,169
1235,146
1239,141
1243,138
1247,137
1255,141
1264,147
1269,150
1269,155
1265,159
1264,162
1266,167
1273,173
1276,177
1277,183
1272,190
1265,195
1265,201
1269,204
1274,203
1279,198
1280,195
1283,192
1284,183
1280,179
1279,173
1281,169
1280,165
1280,161
1277,158
1275,153
1277,150
1279,147
1282,147
1286,150
1290,150
1290,147
1289,145
1286,142
1286,140
1290,135
1305,134
1319,126
1331,121
1349,115
1363,106
1381,105
1381,101
1378,95
1356,96
1352,96
1345,91
1340,87
1335,89
1334,92
1328,92
1322,89
1321,79
1324,73
1328,70
1347,68
1351,74
1361,75
1378,81
1389,86
1398,95
1405,102
1410,104
1419,108
1430,109
1439,107
1448,108
1453,115
1455,118
1451,120
1446,121
1437,124
1427,127
1420,132
1422,135
1430,134
1440,129
1449,129
1455,131
1464,132
1470,129
1480,128
1489,132
1498,135
1501,134
1501,129
1505,128
1538,130
1545,134
1546,138
1549,143
1552,146
1556,144
1560,141
1585,142
1590,141
1587,137
1577,131
1579,119
1568,120
1557,117
1549,110
1549,109
1554,105
1561,104
1567,109
1579,111
1598,110
1605,112
1605,114
1600,118
1596,121
1596,123
1601,129
1605,132
1608,132
1612,129
1623,129
1630,136
1638,138
1643,142
1664,141
1674,145
1685,144
1692,147
1706,154
1715,153
1722,150
1733,150
1739,144
1744,147
1749,147
1753,143
1757,148
1765,141
1768,138
1772,138
1780,146
1798,152
1815,159
1831,165
1840,171
1850,171
1872,183
1875,188
1872,197
1859,201
1846,196
1835,187
1824,186
1822,194
1817,197
1822,202
1826,206
1827,212
1818,212
1815,211
1809,221
1801,230
1793,236
1788,235
1786,232
1777,238
1772,233
1770,229
1766,235
1762,242
1763,250
1770,260
1774,266
1763,278
1765,285
1767,289
1763,301
1747,288
1736,276
1727,266
1723,258
1737,247
1743,240
1749,229
1756,220
1755,214
1747,218
1744,226
1740,229
1737,229
1731,221
1727,220
1720,222
1717,227
1720,231
1722,234
1723,236
1713,242
1682,242
1662,241
1650,238
1639,247
1634,261
1635,272
1644,272
1649,276
1653,277
1657,270
1662,273
1668,279
1675,290
1685,305
1689,317
1691,329
1688,345
1680,359
1671,373
1665,375
1658,371
1658,379
1655,389
1650,391
1659,401
1674,417
1683,422
1683,427
1674,435
1666,437
1661,432
1659,429
1660,421
1655,422
1651,426
1649,418
1650,411
1644,409
1636,410
1626,406
1622,403
1624,401
1620,396
1613,404
1605,411
1607,417
1615,424
1618,428
1624,425
1633,422
1637,425
1639,431
1639,438
1633,439
1628,435
1623,432
1621,438
1626,445
1632,451
1638,453
1644,458
1646,470
1648,481
1646,496
1642,510
1636,522
1622,533
1612,539
1601,549
1595,551
1593,560
1585,564
1579,563
1579,554
1574,548
1566,551
1560,558
1564,567
1572,574
1585,588
1594,596
1593,611
1588,625
1578,631
1574,630
1572,640
1564,627
1557,619
1547,614
1537,608
1535,614
1539,620
1532,625
1528,630
1532,634
1539,646
1548,653
1558,657
1567,663
1564,669
1559,674
1562,677
1569,685
1570,687
1566,689
1557,688
1549,682
1543,676
1542,669
1536,661
1531,650
1523,644
1517,635
1514,627
1515,620
1517,613
1514,607
1510,602
1507,594
1508,588
1508,579
1503,579
1498,590
1492,594
1484,591
1482,587
1485,580
1482,572
1475,564
1465,556
1460,548
1453,553
1449,555
1443,552
1433,560
1427,570
1418,583
1411,594
1402,601
1401,606
1406,609
1405,615
1403,623
1396,630
1393,634
1395,636
1394,645
1389,653
1386,657
1379,654
1369,647
1363,637
1357,627
1350,616
1346,607
1343,598
1343,590
1339,583
1338,573
1336,563
1333,560
1332,557
1327,561
1323,562
1320,563
1318,560
1315,557
1315,553
1320,548
1311,548
1306,547
1303,541
1299,535
1292,533
1281,533
1272,535
1260,540
1251,537
1246,533
1242,529
1236,531
1226,531
1219,525
1205,519
1200,515
1200,507
1196,502
1189,501
1182,501
1177,506
1176,507
1180,511
1186,516
1190,520
1190,525
1193,536
1200,537
1204,533
1208,537
1210,545
1208,550
1209,554
1214,551
1225,544
1233,538
1237,537
1242,542
1245,546
1251,550
1259,555
1263,560
1260,568
1250,575
1251,586
1245,588
1240,588
1236,597
1230,604
1222,602
1213,606
1203,609
1195,615
1184,614
1177,622
1172,626
1168,625
1160,619
1155,608
1150,592
1142,578
1131,566
1117,553
1110,542
1100,529
1094,519
1091,516
1090,505
1087,498
1085,489
1083,484
1085,476
1092,464
1090,457
1086,456
1081,464
1074,469
1064,468
1058,468
1065,463
1065,457
1060,454
1058,456
1055,460
1046,460
1044,456
1039,456
1034,460
1031,455
1027,446
1024,439
1022,433
1020,428
///////////////////////////////////////////////////////////////////////////////////////////////////////////////////////////////
i=5 Australien

113
1753,972
1749,972
1745,972
1743,969
1742,954
1740,954
1739,928
1735,927
1725,937
1722,937
1717,933
1710,923
1701,917
1689,918
1683,924
1679,925
1670,921
1663,921
1662,929
1655,936
1650,942
1645,942
1638,936
1630,936
1621,942
1609,948
1595,951
1583,947
1576,941
1578,935
1575,929
1578,921
1574,912
1571,902
1571,885
1569,872
1572,861
1579,852
1584,850
1585,845
1594,840
1602,840
1612,831
1623,822
1631,820
1639,809
1648,802
1657,798
1664,791
1667,786
1677,782
1680,782
1680,790
1685,791
1689,791
1692,781
1695,777
1700,775
1708,771
1711,769
1727,773
1735,773
1739,770
1743,768
1749,769
1749,773
1744,776
1738,781
1733,784
1730,786
1734,791
1741,797
1750,797
1757,803
1761,807
1768,802
1773,794
1776,788
1776,774
1776,768
1778,764
1782,761
1785,759
1787,768
1790,778
1791,784
1794,785
1803,790
1801,804
1807,822
1815,829
1816,837
1828,843
1842,857
1845,864
1843,875
1852,882
1845,903
1832,919
1819,945
1815,962
1806,969
1796,969
1790,969
1784,976
1778,976
1775,974
1771,969
1767,969
1763,975
1760,973
1758,973
1753,972
///////////////////////////////////////////////////////////////////////////////////////////////////////////////////////////////
i=6 Madagaskar

33
1153,838
1168,838
1170,834
1173,828
1177,822
1182,823
1186,820
1191,811
1195,811
1202,818
1202,827
1199,836
1194,850
1185,858
1177,867
1176,881
1174,889
1170,895
1163,897
1158,897
1151,895
1144,892
1141,888
1139,886
1139,883
1142,880
1142,871
1146,867
1146,860
1149,856
1149,846
1152,840
1153,838
///////////////////////////////////////////////////////////////////////////////////////////////////////////////////////////////
i=7 Japan

72
1680,267
1687,274
1696,286
1702,295
1708,304
1715,314
1722,320
1722,322
1719,325
1719,329
1722,338
1724,343
1732,347
1735,346
1737,350
1742,349
1746,354
1747,358
1742,360
1743,376
1742,394
1749,401
1756,408
1755,412
1753,414
1749,418
1745,417
1746,426
1735,425
1731,427
1723,438
1715,441
1706,450
1704,458
1705,461
1700,463
1697,461
1694,459
1694,455
1698,446
1697,445
1689,448
1687,442
1688,434
1697,427
1702,421
1706,413
1712,405
1718,404
1718,395
1721,388
1725,383
1718,379
1716,374
1722,370
1728,366
1729,363
1719,365
1714,361
1709,355
1716,352
1715,345
1707,338
1699,332
1701,324
1697,312
1690,302
1686,294
1681,282
1679,276
1678,270
1680,267
///////////////////////////////////////////////////////////////////////////////////////////////////////////////////////////////
i=8 Grönland

111
896,68
884,72
876,75
871,78
869,80
869,88
863,93
855,99
854,101
863,102
866,106
866,109
862,110
862,118
869,125
871,130
862,132
857,138
855,145
851,150
842,150
849,158
848,163
843,170
830,170
824,174
815,181
806,183
792,186
779,189
767,194
757,200
754,204
739,204
738,200
735,199
729,207
721,216
715,228
709,239
704,259
698,260
685,254
674,244
664,244
661,236
653,224
650,217
650,210
648,211
647,193
650,192
652,185
642,179
642,160
644,153
642,142
631,131
622,130
616,123
611,114
606,113
599,117
588,121
581,117
579,114
576,114
572,116
567,116
562,110
561,104
565,98
568,91
573,89
579,93
584,84
597,74
611,75
621,68
633,65
643,60
671,60
684,55
689,55
695,58
701,58
704,53
705,47
713,38
717,38
725,45
736,40
746,36
755,34
766,38
777,43
785,45
802,44
816,49
828,55
840,57
849,59
849,62
845,64
845,68
858,70
868,67
878,64
887,64
891,67
896,68
///////////////////////////////////////////////////////////////////////////////////////////////////////////////////////////////
i=9 Neuguinea

69
1839,767
1831,765
1821,762
1811,761
1806,760
1801,754
1795,745
1793,743
1789,743
1787,745
1787,751
1784,753
1778,755
1776,752
1773,752
1771,749
1766,749
1763,752
1760,750
1758,747
1757,734
1750,733
1749,731
1748,724
1743,724
1740,722
1736,722
1732,719
1729,721
1723,725
1722,722
1721,710
1716,705
1705,704
1716,699
1721,695
1723,694
1727,699
1737,696
1744,697
1745,702
1744,703
1739,707
1740,713
1743,716
1747,716
1748,712
1751,709
1752,703
1754,701
1759,701
1766,709
1774,716
1777,713
1781,713
1788,718
1792,718
1795,715
1800,720
1803,725
1809,734
1814,737
1814,741
1811,741
1811,745
1819,753
1829,760
1836,763
1839,767
///////////////////////////////////////////////////////////////////////////////////////////////////////////////////////////////
i=10 Indonesien1

39
1651,761
1634,759
1608,757
1583,756
1576,749
1568,748
1557,730
1540,710
1533,704
1535,697
1528,693
1525,687
1514,678
1507,669
1505,665
1518,670
1530,673
1544,691
1551,696
1562,706
1568,712
1569,703
1578,709
1579,713
1576,719
1580,727
1586,721
1589,720
1594,725
1588,730
1589,735
1596,740
1601,739
1603,735
1612,737
1623,746
1636,751
1644,755
1651,761
///////////////////////////////////////////////////////////////////////////////////////////////////////////////////////////////
i=11 Indonesien2

33
1631,648
1644,660
1643,664
1638,668
1638,673
1648,680
1647,682
1641,684
1638,693
1632,703
1632,713
1636,715
1636,721
1631,725
1615,724
1612,721
1604,721
1598,716
1596,704
1594,704
1593,697
1591,694
1593,690
1598,690
1599,685
1612,672
1620,667
1622,663
1618,662
1618,661
1623,655
1630,656
1631,648
///////////////////////////////////////////////////////////////////////////////////////////////////////////////////////////////
i=12 Indonesien3

25
1645,740
1644,736
1644,708
1650,699
1656,687
1662,686
1665,689
1669,689
1670,686
1677,686
1679,683
1682,683
1684,688
1683,694
1669,695
1662,700
1663,703
1671,717
1672,724
1665,732
1662,731
1657,721
1654,729
1650,733
1645,740
///////////////////////////////////////////////////////////////////////////////////////////////////////////////////////////////
i=13 Großbritannien1

82
831,350
835,345
840,347
843,345
843,342
849,341
850,342
855,343
860,341
869,340
871,337
870,334
867,333
868,330
871,330
873,324
873,321
868,320
864,323
862,321
862,318
865,319
863,312
860,305
857,303
854,299
854,294
852,291
850,289
848,288
844,288
843,287
846,285
849,282
851,278
853,273
851,271
847,270
841,271
841,268
843,264
845,263
846,260
841,260
838,262
835,260
832,260
831,266
827,269
823,270
823,276
828,275
828,280
826,282
826,286
830,285
830,291
833,292
834,295
832,298
832,301
835,304
838,302
840,305
842,309
841,313
838,314
835,314
834,318
838,323
836,327
832,329
832,333
835,333
838,333
843,335
840,336
836,337
834,341
832,343
827,346
831,350
///////////////////////////////////////////////////////////////////////////////////////////////////////////////////////////////
i=14 Großbritannien2

36
805,337
811,336
814,333
819,331
821,332
824,326
825,320
828,318
828,314
823,314
824,311
828,311
828,305
824,300
821,300
820,302
818,299
817,299
815,304
812,301
810,304
810,306
812,307
809,310
805,309
801,309
803,314
800,318
803,321
807,320
806,324
802,328
799,328
798,333
801,335
805,337
///////////////////////////////////////////////////////////////////////////////////////////////////////////////////////////////
i=15 Island

51
783,243
789,243
792,244
796,246
798,246
803,248
807,247
809,245
814,245
816,240
822,240
826,237
830,231
832,229
832,226
831,223
826,219
826,216
823,215
823,211
820,211
819,208
815,208
814,213
812,213
809,212
805,214
801,213
797,215
794,213
792,218
789,215
788,212
784,210
779,209
778,214
779,217
776,218
776,222
780,221
784,222
782,226
778,226
777,227
778,232
783,230
785,234
786,237
783,238
782,240
783,243
//////////////////////////////////////////////////////////////////////////////////////////////////////////////////////////////////////
Nordamerika - Grenzen
//////////////////////////////////////////////////////////////////////////////////////////////////////////////////////////////////////
i=16 NordamerikaGrenze1 : nordöstlich von Kanada, nördlich von Alberta, nördlich von Ontario, schließt Nordwest-Terretorium ein
///////////////////////////////////////////////////////////////////////////////////////////////////////////////////////////////
STARTPUNKT = ZEILE 503 IN NORDAMERIKA, ENDPUNKT = ZEILE 325 IN NORDAMERIKA

5
440,230
423,231
215,231
194,220
205,155
///////////////////////////////////////////////////////////////////////////////////////////////////////////////////////////////
i=17 NordamerikaGrenze2 : südlich und östlich von Alberta, westlich von Ontario, nördlich von Weststaaten
///////////////////////////////////////////////////////////////////////////////////////////////////////////////////////////////
STARTPUNKT = AUF GRENZE1, ENDPUNKT = ZEILE 266 IN NORDAMERIKA

6
393,231
393,306
367,314
255,314
255,328
247,330
///////////////////////////////////////////////////////////////////////////////////////////////////////////////////////////////
i=18 NordamerikaGrenze3 : zwischen Alaska und Alberta
///////////////////////////////////////////////////////////////////////////////////////////////////////////////////////////////
STARTPUNKT =  AUF GRENZE1, ENDPUNKT = ZEILE 270 IN NORDAMERIKA

3
215,231
231,243
231,280
///////////////////////////////////////////////////////////////////////////////////////////////////////////////////////////////
i=19 NordamerikaGrenze4 : südwestlich von Ontario, westlich von Oststaaten, nordöstlich, östlich und südlich von Weststaaten, nördlich von Mittelamerika
///////////////////////////////////////////////////////////////////////////////////////////////////////////////////////////////
STARTPUNKT = AUF GRENZE3, ENDPUNKT = ZEILE 262 IN NORDAMERIKA

19
393,306
427,316
427,375
392,379
385,375
386,388
368,395
368,405
361,415
351,425
358,436
352,441
346,441
336,430
320,430
308,436
296,433
285,423
259,423
///////////////////////////////////////////////////////////////////////////////////////////////////////////////////////////////
i=20 NordamerikaGrenze5 : südlich und östlich von Ontario, westlich von Ostkanada, nördlich von Oststaaten
///////////////////////////////////////////////////////////////////////////////////////////////////////////////////////////////
STARTPUNKT = AUF GRENZE4, ENDPUNKT = ZEILE 511 IN NORDAMERIKA

17
427,316
447,324
457,324
457,322
471,322
476,330
466,341
460,350
460,357
471,357
484,362
503,362
544,345
544,335
530,335
520,327
520,297
///////////////////////////////////////////////////////////////////////////////////////////////////////////////////////////////
i=21 NordamerikaGrenze6 : zwischen Ostkanada und Oststaaten
///////////////////////////////////////////////////////////////////////////////////////////////////////////////////////////////
STARTPUNKT = AUF GRENZE5, ENDPUNKT = ZEILE 555 IN NORDAMERIKA

6
544,335
553,342
569,342
592,318
612,311
636,313
///////////////////////////////////////////////////////////////////////////////////////////////////////////////////////////////
i=22 NordamerikaGrenze7 : zwischen Oststaaten und Mittelamerika
///////////////////////////////////////////////////////////////////////////////////////////////////////////////////////////////
STARTPUNKT = AUF GRENZE4, ENDPUNKT = ZEILE 598 IN NORDAMERIKA

2
352,440
361,455
///////////////////////////////////////////////////////////////////////////////////////////////////////////////////////////////
Südamerika - Grenzen:
///////////////////////////////////////////////////////////////////////////////////////////////////////////////////////////////
i=23 SüdamerikaGrenze1 : südlich von Venezuela, nördlich Brasilien und Peru
///////////////////////////////////////////////////////////////////////////////////////////////////////////////////////////////
STARTPUNKT = ZEILE 235 IN SÜDAMERIKA, ENDPUNKT = Zeile 163 IN SÜDAMERIKA

11
415,606
434,607
461,621
474,624
485,617
481,598
514,597
538,583
548,594
585,594
612,580
///////////////////////////////////////////////////////////////////////////////////////////////////////////////////////////////
i=24 SüdamerikaGrenze2 : südwestlich von Venezuela, östlich und südlich von Peru, westlich von Brasilien
///////////////////////////////////////////////////////////////////////////////////////////////////////////////////////////////
STARTPUNKT = STARTPUNKT VON GRENZE4 UND GRENZE3, ENDPUNKT = GRENZT IN GRENZE1

10
596,789
607,775
594,760
580,722
555,691
515,671
479,679
475,658
448,654
461,621
///////////////////////////////////////////////////////////////////////////////////////////////////////////////////////////////
i=25 SüdamerikaGrenze3 :südlich von Peru, nördlich von Argentinien
///////////////////////////////////////////////////////////////////////////////////////////////////////////////////////////////
STARTPUNKT = STARTPUNKT VON GRENZE2 UND GRENZE4, ENDPUNKT = ZEILE 222 IN SÜDAMERIKA

9
596,789
583,789
578,784
582,776
563,765
547,757
519,753
505,753
483,733
///////////////////////////////////////////////////////////////////////////////////////////////////////////////////////////////
i=26 SüdamerikaGrenze4 : zwischen Brasilien und Argentinien
///////////////////////////////////////////////////////////////////////////////////////////////////////////////////////////////
STARTPUNKT = STARTPUNKT VON GRENZE2 UND GRENZE3, ENDPUNKT = ZEILE 184 IN SÜDAMERIKA

4
596,789
589,800
605,813
608,831
///////////////////////////////////////////////////////////////////////////////////////////////////////////////////////////////
Afrika - Grenzen:
///////////////////////////////////////////////////////////////////////////////////////////////////////////////////////////////
i=27 AfrikaGrenze1 : zwischen Ägypten und Nordafrika
///////////////////////////////////////////////////////////////////////////////////////////////////////////////////////////////
STARTPUNKT = ZEILE 120 IN AFRIKA , ENDPUNKT = STARTPUNKT VON GRENZE2 UND GRENZE3

13
931,476
924,483
926,488
938,495
938,500
934,504
933,513
941,525
941,547
962,555
984,559
1002,558
1019,578
///////////////////////////////////////////////////////////////////////////////////////////////////////////////////////////////
i=28 AfrikaGrenze2 : zwischen Ägypten und Ostafrika
///////////////////////////////////////////////////////////////////////////////////////////////////////////////////////////////
STARTPUNKT = ENDPUNKT VON GRENZE1 UND STARTPUNKT VON GRENZE3 , ENDPUNKT = ZEILE 17 IN AFRIKA

8
1019,578
1032,571
1040,560
1062,561
1072,564
1085,564
1098,555
1105,553
///////////////////////////////////////////////////////////////////////////////////////////////////////////////////////////////
i=29 AfrikaGrenze3 : zwischen Nordafrika und Ostafrika
///////////////////////////////////////////////////////////////////////////////////////////////////////////////////////////////
STARTPUNKT = ENDPUNKT VON GRENZE1 UND STARTPUNKT VON GRENZE2, ENDPUNKT = STARTPUNKT VON GRENZE4 UND GRENZE5

5
1019,578
1031,591
1027,607
1017,620
1025,640
///////////////////////////////////////////////////////////////////////////////////////////////////////////////////////////////
i=30 AfrikaGrenze4 : zwischen Nordafrika und Zentralafrika
///////////////////////////////////////////////////////////////////////////////////////////////////////////////////////////////
STARTPUNKT = ENDPUNKT VON GRENZE 3 UND STARTPUNKT VON GRENZE5, ENDPUNKT = ZEILE 77 IN AFRIKA

9
1025,640
1013,650
993,658
980,666
974,682
980,702
965,704
950,703
932,702
///////////////////////////////////////////////////////////////////////////////////////////////////////////////////////////////
i=31 AfrikaGrenze5 : zwischen Ostafrika und Zentralafrika
///////////////////////////////////////////////////////////////////////////////////////////////////////////////////////////////
STARTPUNKT = ENDPUNKT VON GRENZE 3 UND STARTPUNKT VON GRENZE4, ENDPUNKT = STARTPUNKT VON GRENZE6 UND GRENZE7

14
1025,640
1035,653
1049,668
1060,685
1066,684
1068,681
1078,693
1107,692
1108,700
1103,708
1089,719
1081,729
1075,740
1069,752
///////////////////////////////////////////////////////////////////////////////////////////////////////////////////////////////
i=32 AfrikaGrenze6 : zwischen Zentralafrika und Südafrika
///////////////////////////////////////////////////////////////////////////////////////////////////////////////////////////////
STARTPUNKT = ENDPUNKT VON GRENZE5 UND STARTPUNKT VON GRENZE7, ENDPUNKT = ZEILE 71 IN AFRIKA 

16
1069,752
1070,767
1068,778
1060,784
1066,801
1058,811
1050,798
1020,800
1015,794
1015,788
1018,784
1018,780
1005,772
992,779
972,756
958,763
///////////////////////////////////////////////////////////////////////////////////////////////////////////////////////////////
i=33 AfrikaGrenze7 : zwischen Ostafrika und Südafrika
///////////////////////////////////////////////////////////////////////////////////////////////////////////////////////////////
STARTPUNKT = ENDPUNKT VON GRENZE5 UND STARTPUNKT VON GRENZE6, ENDPUNKT = ZEILE 33 IN AFRIKA 

7
1069,752
1081,772
1096,791
1095,811
1114,800
1130,797
1141,793
///////////////////////////////////////////////////////////////////////////////////////////////////////////////////////////////
Europa - Grenzen:
///////////////////////////////////////////////////////////////////////////////////////////////////////////////////////////////
i=34 EuropaGrenze1 : zwischen Südeuropa und dem toten Meer
///////////////////////////////////////////////////////////////////////////////////////////////////////////////////////////////
STARTPUNKT = ZEILE 628 IN EUROPA, ENDPUNKT = STARTPUNKT VON GRENZE2 UND GRENZE3

4
1035,408
1040,399
1048,391
1048,386
///////////////////////////////////////////////////////////////////////////////////////////////////////////////////////////////
i=35 EuropaGrenze2 : zwischen Russland und dem toten Meer
///////////////////////////////////////////////////////////////////////////////////////////////////////////////////////////////
STARTPUNKT = ENDPUNKT VON GRENZE1 UND STARTPUNKT VON GRENZE3, ENDPUNKT = ZEILE 638 IN EUROPA

19
1048,386
1051,376
1056,373
1061,371
1066,382
1071,387
1079,386
1083,383
1081,379
1079,375
1087,372
1099,373
1100,376
1096,382
1095,387
1104,390
1115,396
1121,400
1125,409
///////////////////////////////////////////////////////////////////////////////////////////////////////////////////////////////
i=36 EuropaGrenze3 : zwischen Südeuropa und Russland
///////////////////////////////////////////////////////////////////////////////////////////////////////////////////////////////
STARTPUNKT = ENDPUNKT VON GRENZE1 UND STARTPUNKT VON GRENZE2, ENDPUNKT = STARTPUNKT VON GRENZE4 UND GRENZE5

4
1048,386
1031,376
1024,358
1006,351
///////////////////////////////////////////////////////////////////////////////////////////////////////////////////////////////
i=37 EuropaGrenze4 : zwischen Nordeuropa und Russland
///////////////////////////////////////////////////////////////////////////////////////////////////////////////////////////////
STARTPUNKT = ENDPUNKT VON GRENZE3 STARTPUNKT VON GRENZE5, ENDPUNKT = ZEILE 844 IN EUROPA 

4
1006,351
1007,336
1001,313
988,305
///////////////////////////////////////////////////////////////////////////////////////////////////////////////////////////////
i=38 EuropaGrenze5 : zwischen Nordeuropa und Südeuropa
///////////////////////////////////////////////////////////////////////////////////////////////////////////////////////////////
STARTPUNKT = ENDPUNKT VON GRENZE3 STARTPUNKT VON GRENZE4, ENDPUNKT = STARTPUNKT VON GRENZE6 UNDGRENZE7

12
1006,351
995,358
993,378
978,378
969,374
969,364
962,356
946,355
944,364
932,368
921,371
910,366
///////////////////////////////////////////////////////////////////////////////////////////////////////////////////////////////
i=39 EuropaGrenze6 : zwischen Südeuropa und Westeuropa
///////////////////////////////////////////////////////////////////////////////////////////////////////////////////////////////
STARTPUNKT = ENDPUNKT VON GRENZE5 UND STARTPUNKT VON GRENZE7, ENDPUNKT = ZEILE 906 IN EUROPA

7
910,366
905,370
905,375
901,381
906,384
904,389
913,398
///////////////////////////////////////////////////////////////////////////////////////////////////////////////////////////////
i=40 EuropaGrenze7 : Nordeuropa und Westeuropa
///////////////////////////////////////////////////////////////////////////////////////////////////////////////////////////////
STARTPUNKT = ENDPUNKT VON GRENZE5 UND STARTPUNKT VON GRENZE6, ENDPUNKT = ZEILE 867 IN EUROPA

5
910,365
902,363
897,356
886,349
875,346
///////////////////////////////////////////////////////////////////////////////////////////////////////////////////////////////
i=41 EuropaGrenze8 : zwischen Russland und dem xxMeer
///////////////////////////////////////////////////////////////////////////////////////////////////////////////////////////////
STARTPUNKT = ZEILE 645 IN EUROPA, ENDPUNKT = ZEILE 676 IN  EUROPA

11
1175,436
1174,428
1179,422
1173,416
1163,411
1164,404
1167,402
1162,396
1159,394
1160,383
1167,378
///////////////////////////////////////////////////////////////////////////////////////////////////////////////////////////////
i=42 EuropaGrenze9 : zwischen Russland und Skandinavien
///////////////////////////////////////////////////////////////////////////////////////////////////////////////////////////////
STARTPUNKT = ZEILE 767 IN EUROPA, ENDPUNKT = ZEILE 826 IN EUROPA 

10
1025,174
1024,183
1026,196
1029,210
1034,224
1040,233
1039,240
1034,243
1029,248
1025,259
///////////////////////////////////////////////////////////////////////////////////////////////////////////////////////////////
Asien - Grenzen:
///////////////////////////////////////////////////////////////////////////////////////////////////////////////////////////////
i=43 AsienGrenze1 : zwischen Ural und Sibirien
///////////////////////////////////////////////////////////////////////////////////////////////////////////////////////////////
STARTPUNKT = ZEILE 997 IN ASIEN, ENDPUNKT = STARTPUNKT VON GRENZE1 UND GRENZE2

26
1281,169
1298,174
1313,189
1312,208
1315,214
1319,214
1321,207
1331,218
1325,235
1337,241
1353,252
1352,268
1371,285
1365,286
1353,298
1349,309
1353,311
1370,304
1363,319
1367,324
1380,327
1383,322
1390,322
1399,332
1401,346
1395,357
///////////////////////////////////////////////////////////////////////////////////////////////////////////////////////////////
i=44 AsienGrenze2 : zwischen Ural und China
///////////////////////////////////////////////////////////////////////////////////////////////////////////////////////////////
STARTPUNKT = ENDPUNKT VON GRENZE1 UND STARTPUNKT VON GRENZE3, ENDPUNKT = STARTPUNKT VON GRENZE4 UND GRENZE5

5
1395,357
1394,365
1385,366
1376,369
1368,373
///////////////////////////////////////////////////////////////////////////////////////////////////////////////////////////////
i=45 AsienGrenze3 : zwischen Sibirien und China
///////////////////////////////////////////////////////////////////////////////////////////////////////////////////////////////
STARTPUNKT = ENDPUNKT VON GRENZE1 UND STARTPUNKT VON GRENZE2, ENDPUNKT = STARTPUNKT VON GRENZE13 UND GRENZE14

4
1395,357
1404,361
1411,361
1416,357
///////////////////////////////////////////////////////////////////////////////////////////////////////////////////////////////
i=46 AsienGrenze4 : zwischen Ural und Afghanistan
///////////////////////////////////////////////////////////////////////////////////////////////////////////////////////////////
STARTPUNKT = ENDPUNKT VON GRENZE2 UND STARTPUNKT VON GRENZE5, ENDPUNKT = ZEILE  IN EUROPA

17
1368,373
1353,361
1340,362
1333,356
1324,360
1315,360
1307,355
1305,352
1301,344
1297,338
1290,338
1283,337
1276,331
1273,323
1267,317
1264,315
1256,315
///////////////////////////////////////////////////////////////////////////////////////////////////////////////////////////////
i=47 AsienGrenze5 : zwischen Afghanistan und China
///////////////////////////////////////////////////////////////////////////////////////////////////////////////////////////////
STARTPUNKT = ENDPUNKT VON GRENZE2 UND STARTPUNKT VON GRENZE4, ENDPUNKT = STARTPUNKT VON GRENZE6 UND GRENZE7

14
1368,373
1363,383
1357,389
1360,395
1363,400
1359,405
1350,412
1340,417
1329,419
1330,427
1333,431
1338,433
1335,438
1339,444
///////////////////////////////////////////////////////////////////////////////////////////////////////////////////////////////
i=48 AsienGrenze6 : zwischen Afghanistan und Indien
///////////////////////////////////////////////////////////////////////////////////////////////////////////////////////////////
STARTPUNKT = ENDPUNKT VON GRENZE5 UND STARTPUNKT VON GRENZE7, ENDPUNKT = STARTPUNKT VON GRENZE8 UND GRENZE9

11
1339,444
1330,450
1327,452
1322,451
1309,442
1302,442
1290,444
1281,448
1268,456
1261,461
1256,462
///////////////////////////////////////////////////////////////////////////////////////////////////////////////////////////////
i=49 AsienGrenze7 : zwischen Indien und China
///////////////////////////////////////////////////////////////////////////////////////////////////////////////////////////////
STARTPUNKT = ENDPUNKT VON GRENZE5 UND STARTPUNKT VON GRENZE6, ENDPUNKT = STARTPUNKT VON GRENZE10 UND GRENZE11

19
1339,444
1345,449
1355,455
1366,455
1369,460
1370,465
1365,471
1363,477
1378,484
1398,492
1424,498
1434,499
1440,507
1449,508
1459,503
1475,495
1480,495
1486,497
1490,501
///////////////////////////////////////////////////////////////////////////////////////////////////////////////////////////////
i=50 AsienGrenze8 : zwischen Afghanistan und Mittlerer Osten
///////////////////////////////////////////////////////////////////////////////////////////////////////////////////////////////
STARTPUNKT = ENDPUNKT VON GRENZE6 UND STARTPUNKT VON GRENZE9, ENDPUNKT = ZEILE 651 IN EUROPA

5
1256,462
1245,453
1239,446
1222,447
1212,440
///////////////////////////////////////////////////////////////////////////////////////////////////////////////////////////////
i=51 AsienGrenze9 : zwischen Mittlerer Osten und Indien
///////////////////////////////////////////////////////////////////////////////////////////////////////////////////////////////
STARTPUNKT = ENDPUNKT VON GRENZE6 UND STARTPUNKT VON GRENZE8, ENDPUNKT = ZEILE 1346 IN ASIEN

11
1256,462
1257,470
1264,481
1274,490
1274,498
1273,507
1280,516
1284,518
1283,522
1278,526
1272,535
///////////////////////////////////////////////////////////////////////////////////////////////////////////////////////////////
i=52 AsienGrenze10 : zwischen China und Südostasien
///////////////////////////////////////////////////////////////////////////////////////////////////////////////////////////////
STARTPUNKT = ENDPUNKT VON GRENZE7 UND STARTPUNKT VON GRENZE11, ENDPUNKT = ZEILE 1245 IN ASIEN

20
1490,501
1499,501
1507,508
1511,514
1511,518
1507,519
1505,526
1512,530
1516,537
1519,547
1532,547
1534,542
1534,537
1541,537
1546,533
1550,531
1556,531
1562,536
1568,538
1574,548
///////////////////////////////////////////////////////////////////////////////////////////////////////////////////////////////
i=53 AsienGrenze11 : zwischen Indien und Südostasien
///////////////////////////////////////////////////////////////////////////////////////////////////////////////////////////////
STARTPUNKT = ENDPUNKT VON GRENZE7 UND STARTPUNKT VON GRENZE10, ENDPUNKT = ZEILE 1301 IN ASIEN

8
1490,501
1487,507
1478,509
1473,512
1474,521
1468,529
1462,539
1460,548
///////////////////////////////////////////////////////////////////////////////////////////////////////////////////////////////
i=54 AsienGrenze12 : zwischen China und Mongolei
///////////////////////////////////////////////////////////////////////////////////////////////////////////////////////////////
STARTPUNKT = ENDPUNKT VON GRENZE3 UND STARTPUNKT VON GRENZE13, ENDPUNKT = ZEILE 1215 IN ASIEN

13
1416,357
1428,365
1430,375
1458,382
1485,388
1516,397
1532,403
1537,403
1550,396
1554,396
1574,408
1590,407
1605,411
///////////////////////////////////////////////////////////////////////////////////////////////////////////////////////////////
i=55 AsienGrenze13 : zwischen Sibirien und Mongolei
///////////////////////////////////////////////////////////////////////////////////////////////////////////////////////////////
STARTPUNKT = ENDPUNKT VON GRENZE3 UND STARTPUNKT VON GRENZE12, ENDPUNKT = STARTPUNKT VON GRENZE14 UND GRENZE15

4
1416,357
1422,349
1421,339
1421,326
///////////////////////////////////////////////////////////////////////////////////////////////////////////////////////////////
i=56 AsienGrenze14 : zwischen Sibirien und Irkutsk
///////////////////////////////////////////////////////////////////////////////////////////////////////////////////////////////
STARTPUNKT = ENDPUNKT VON GRENZE13 UND STARTPUNKT VON GRENZE15, ENDPUNKT = STARTPUNKT VON GRENZE16 UND GRENZE17

17
1421,326
1397,311
1395,307
1400,300
1392,293
1392,276
1400,277
1406,284
1419,278
1435,280
1452,275
1459,290
1474,289
1476,272
1474,257
1488,252
1499,246
///////////////////////////////////////////////////////////////////////////////////////////////////////////////////////////////
i=57 AsienGrenze15 : zwischen Irkutsk und Mongolei
///////////////////////////////////////////////////////////////////////////////////////////////////////////////////////////////
STARTPUNKT = ENDPUNKT VON GRENZE13 UND STARTPUNKT VON GRENZE14, ENDPUNKT = STARTPUNKT VON GRENZE19 UND GRENZE20

32
1421,326
1426,326
1430,328
1435,324
1438,325
1442,328
1452,328
1453,319
1462,320
1475,325
1493,329
1518,332
1530,335
1540,333
1556,329
1561,325
1566,325
1571,335
1573,335
1578,327
1582,314
1585,304
1589,297
1591,297
1594,303
1599,303
1607,297
1614,297
1624,308
1644,325
1655,329
1664,329
///////////////////////////////////////////////////////////////////////////////////////////////////////////////////////////////
i=58 AsienGrenze16 : zwischen Sibirien und Jakutien
///////////////////////////////////////////////////////////////////////////////////////////////////////////////////////////////
STARTPUNKT = ENDPUNKT VON GRENZE14 UND STARTPUNKT VON GRENZE17, ENDPUNKT =  ZEILE 1060 IN ASIEN

15
1499,246
1497,237
1500,231
1493,221
1494,209
1492,198
1472,193
1466,185
1467,181
1473,181
1490,184
1500,175
1498,159
1508,144
1501,134
///////////////////////////////////////////////////////////////////////////////////////////////////////////////////////////////
i=59 AsienGrenze17 : zwischen Irkutsk und Jakutien
///////////////////////////////////////////////////////////////////////////////////////////////////////////////////////////////
STARTPUNKT = ENDPUNKT VON GRENZE14 UND STARTPUNKT VON GRENZE16, ENDPUNKT = STARTPUNKT VON GRENZE18 UND GRENZE19

13
1499,246
1511,245
1522,234
1527,224
1531,221
1534,226
1539,239
1544,240
1555,234
1573,233
1588,237
1596,244
1607,246
///////////////////////////////////////////////////////////////////////////////////////////////////////////////////////////////
i=60 AsienGrenze18 : zwischen Jakutien und Kamtschatka
///////////////////////////////////////////////////////////////////////////////////////////////////////////////////////////////
STARTPUNKT = ENDPUNKT VON GRENZE17 UND STARTPUNKT VON GRENZE19, ENDPUNKT = ZEILE 1101 IN ASIEN

22
1607,245
1608,237
1616,231
1626,229
1619,218
1632,208
1647,202
1664,196
1671,206
1678,212
1682,212
1689,203
1690,196
1686,190
1682,190
1674,194
1672,182
1678,174
1682,169
1692,168
1704,164
1706,154
///////////////////////////////////////////////////////////////////////////////////////////////////////////////////////////////
i=61 AsienGrenze19 : zwischen Irkutsk und Kamtschatka
///////////////////////////////////////////////////////////////////////////////////////////////////////////////////////////////
STARTPUNKT = ENDPUNKT VON GRENZE17 UND STARTPUNKT VON GRENZE18, ENDPUNKT = ENDPUNKT VON GRENZE15 UND STARTPUNKT VON GRENZE20

12
1607,246
1608,254
1610,263
1602,272
1603,278
1615,279
1633,288
1645,297
1660,313
1668,322
1668,324
1664,329
///////////////////////////////////////////////////////////////////////////////////////////////////////////////////////////////
i=62 AsienGrenze20 : zwischen Kamtschatka und Mongolei
///////////////////////////////////////////////////////////////////////////////////////////////////////////////////////////////
STARTPUNKT = ENDPUNKT VON GRENZE15 UND GRENZE19, ENDPUNKT = ZEILE 1191 IN ASIEN

5
1664,329
1665,339
1664,352
1660,360
1658,371
///////////////////////////////////////////////////////////////////////////////////////////////////////////////////////////////
Australien - Grenzen:
///////////////////////////////////////////////////////////////////////////////////////////////////////////////////////////////
i=63 AustralienGrenze1 : zwischen Westaustralien und Ostaustralien
///////////////////////////////////////////////////////////////////////////////////////////////////////////////////////////////
STARTPUNKT = ZEILE 1490 IN AUSTRALIEN, ENDPUNKT = ZEILE 1547 IN AUSTRALIEN

4
1685,791
1685,872
1760,872
1760,973
///////////////////////////////////////////////////////////////////////////////////////////////////////////////////////////////
i=64 SEE1 IN NA ONTARIO

10
447,324
453,317
467,316
474,313
483,313
486,318
488,322
483,329
479,331
476,330
///////////////////////////////////////////////////////////////////////////////////////////////////////////////////////////////
i=65 SEE2 IN NA ONTARIO

4
471,357
472,352
472,338
466,341
