////////////////////////////////////////////////////////////////////////////////////////////////
Name
$$$$$$
1
$$$$$$
&&&&&&
Great Britian
830,312
&&&&&&
////////////////////////////////////////////////////////////////////////////////////////////////
Neighbors
------
21
22
24
26
------
///////////////////////////////////////////////////////////////////////////////////////
FigurePositions:
*******
832,267
848,294
838,329
862,329
813,305
*******
///////////////////////////////////////////////////////////////////////////////////////
Flächen:

22
842,337
843,335
840,336
836,337
834,341
832,343
827,346
831,350
831,350
835,345
840,347
843,345
843,342
849,341
850,342
855,343
860,341
869,340
871,337
870,334
867,333
843,335

22
858,325
841,313
838,314
835,314
834,318
838,323
836,327
832,329
832,333
835,333
838,333
843,335
867,333
868,330
871,330
873,324
873,321
868,320
864,323
862,321
862,318
841,313

23
843,293
833,292
834,295
832,298
832,301
835,304
838,302
840,305
842,309
841,313
862,318
865,319
863,312
860,305
857,303
854,299
854,294
852,291
850,289
848,288
844,288
843,287
833,292

29
834,272
843,287
846,285
849,282
851,278
853,273
851,271
847,270
841,271
841,268
843,264
845,263
846,260
841,260
838,262
835,260
832,260
831,266
827,269
823,270
823,276
828,275
828,280
826,282
826,286
830,285
830,291
833,292
843,287

37
818,313
805,337
811,336
814,333
819,331
821,332
824,326
825,320
828,318
828,314
823,314
824,311
828,311
828,305
824,300
821,300
820,302
818,299
817,299
815,304
812,301
810,304
810,306
812,307
809,310
805,309
801,309
803,314
800,318
803,321
807,320
806,324
802,328
800,328
798,333
799,335
805,337