////////////////////////////////////////////////////////////////////////////////////////////////
Name
&&&&&&
Iceland
804,212
&&&&&&
////////////////////////////////////////////////////////////////////////////////////////////////
Neighbors
------
13
20
24
------
///////////////////////////////////////////////////////////////////////////////////////
FigurePositions:
*******
818,211
802,238
782,212
*******
///////////////////////////////////////////////////////////////////////////////////////
Flächen:

23
806,234
786,237
783,238
782,240
783,243
789,243
792,244
796,246
798,246
803,248
807,247
809,245
814,245
816,240
822,240
826,237
830,231
832,229
832,226
831,223
826,219
826,216
823,215

15
816,214
823,215
823,211
820,211
819,208
815,208
814,213
812,213
809,212
805,214
801,213
797,215
794,214
792,218
823,215

3
792,218
823,215
806,234

14
786,218
792,218
789,215
788,212
784,210
779,209
778,214
779,217
776,218
776,222
780,221
784,222
806,234
792,218

11
785,225
784,222
782,226
778,226
777,227
778,232
783,230
785,234
786,237
806,234
784,222
