////////////////////////////////////////////////////////////////////////////////////////////////
Name
$$$$$$
1
$$$$$$
&&&&&&
Northern Europe
943,320
&&&&&&
////////////////////////////////////////////////////////////////////////////////////////////////
Neighbors
------
20
23
24
25
26
------
///////////////////////////////////////////////////////////////////////////////////////
FigurePositions:
*******
916,311
909,345
939,329
982,358
993,325
965,322
*******
///////////////////////////////////////////////////////////////////////////////////////
Flächen:

13
975,334
1006,351
1007,336
1001,313
988,305
983,314
980,315
975,304
972,304
953,311
933,318
926,317
946,355

9
975,334
1006,351
995,358
993,378
978,378
969,374
969,364
962,356
946,355

15
915,308
926,317
923,312
924,303
926,301
922,294
917,290
904,289
900,295
900,301
904,306
908,311
914,314
914,318
926,317

9
917,342
926,317
914,318
903,323
893,329
885,337
875,346
946,355
926,317

12
915,350
969,364
962,356
946,355
944,364
932,368
921,371
910,366
902,363
897,356
886,349
875,346