////////////////////////////////////////////////////////////////////////////////////////////////
Name
$$$$$$
1
$$$$$$
&&&&&&
Russia
1112,286
&&&&&&
////////////////////////////////////////////////////////////////////////////////////////////////
Neighbors
------
22
24
25
27
35
37
------
///////////////////////////////////////////////////////////////////////////////////////
FigurePositions:
*******
1049,344
1019,301
1057,255
1081,298
1113,345
1160,308
1118,262
1156,223
1186,254
1220,294
*******
///////////////////////////////////////////////////////////////////////////////////////
Flächen:

19
1052,327
988,305
1001,313
1007,336
1006,351
1024,358
1031,376
1048,386
1051,376
1056,373
1061,371
1066,382
1071,387
1079,386
1083,383
1081,379
1079,375
1087,372
1099,373

3
1133,357
1052,327
1099,373

30
1133,357
1099,373
1100,376
1096,382
1095,387
1104,390
1115,396
1121,400
1125,409
1138,414
1145,421
1153,431
1161,438
1165,439
1168,437
1175,436
1163,411
1164,404
1159,394
1160,383
1167,378
1164,376
1163,366
1156,360
1152,355
1150,353
1152,349
1153,343
1157,338
988,305

5
1174,428
1179,422
1173,416
1163,411
1175,436

4
1164,404
1167,402
1162,396
1159,394

54
1159,252
1157,338
1163,335
1171,332
1180,328
1188,322
1194,322
1202,325
1225,327
1236,326
1250,323
1256,315
1257,310
1247,289
1232,275
1231,266
1239,245
1239,227
1235,211
1247,196
1247,188
1239,178
1225,177
1211,188
1207,189
1191,189
1182,194
1179,194
1177,191
1178,189
1179,185
1175,185
1170,184
1158,191
1148,194
1137,204
1130,209
1126,209
1123,205
1116,214
1113,214
1101,215
1095,219
1099,225
1097,227
1059,246
1022,273
1018,273
1007,274
1000,277
998,277
998,281
1001,281
1009,285

3
1159,252
1157,338
988,305

8
1210,183
1211,188
1225,177
1214,175
1193,168
1190,167
1190,169
1201,178

12
1116,197
1123,205
1123,202
1123,199
1126,196
1125,192
1110,192
1107,195
1111,201
1116,208
1116,214
1123,205

24
1059,246
1097,227
1091,224
1086,219
1081,222
1074,227
1069,221
1065,214
1059,209
1052,208
1047,202
1025,174
1024,183
1026,196
1029,210
1034,224
1040,233
1039,240
1034,243
1029,248
1025,259
1029,264
1030,267
1022,273

12
996,296
988,305
986,296
986,286
987,282
990,284
997,292
1001,292
1007,288
1009,285
1159,252
988,305

20
1045,178
1047,202
1048,194
1059,200
1068,206
1077,201
1085,201
1090,204
1095,203
1097,201
1098,195
1092,189
1076,181
1055,178
1044,171
1039,167
1034,167
1029,173
1025,174
1047,202