////////////////////////////////////////////////////////////////////////////////////////////////
Name
&&&&&&
Scandinavia
956,212
&&&&&&
////////////////////////////////////////////////////////////////////////////////////////////////
Neighbors
------
20
21
22
23
------
///////////////////////////////////////////////////////////////////////////////////////
FigurePositions:
*******
900,255
936,277
955,241
929,226
970,207
950,188
991,170
1016,197
999,237
*******
///////////////////////////////////////////////////////////////////////////////////////
Flächen:

36
1014,223
1025,259
1029,248
1034,243
1039,240
1040,233
1034,224
1029,210
1026,196
1024,183
1025,174
1026,168
1020,158
1016,162
1008,156
1001,153
993,160
977,162
971,171
959,179
//

992,209
998,216
999,222
991,231
981,237
981,250
979,263
984,266
991,270
1002,265
1008,260
1013,260
1016,263
1019,263
1023,260
1025,259

4
1026,168
1029,163
1030,158
1020,158

3
938,302
944,305
943,290

4
954,279
967,270
968,263
961,256

33
958,206
959,179
952,178
950,176
949,185
944,182
940,183
940,192
930,200
919,210
914,224
907,231
895,240
884,247
883,253
887,266
892,279
898,285
903,284
913,275
918,276
928,285
932,295
938,302
943,290
954,279
961,256
960,248
970,233
982,220
988,210
992,209
959,179