////////////////////////////////////////////////////////////////////////////////////////////////
Name
$$$$$$
1
$$$$$$
&&&&&&
Southern Europe
975,395
&&&&&&
////////////////////////////////////////////////////////////////////////////////////////////////
Neighbors
------
06
22
23
26
37
------
///////////////////////////////////////////////////////////////////////////////////////
FigurePositions:
*******
964,425
936,398
957,369
984,397
1005,429
1031,397
1010,373
*******
///////////////////////////////////////////////////////////////////////////////////////
Flächen:

26
1016,391
1020,429
1027,420
1033,411
1035,408
1040,399
1048,391
1048,386
1031,376
1024,358
1006,351
995,358
993,378
978,378
969,374
942,384
947,384
955,395
966,405
982,417
990,424
996,430
1011,426
1014,424
1018,425
1020,429

19
1008,450
996,430
993,442
997,453
1003,458
1006,457
1006,463
1012,467
1025,466
1027,463
1022,457
1016,453
1012,450
1015,446
1018,442
1015,437
1012,431
1011,426
996,430

19
941,382
969,374
969,364
962,356
946,355
944,364
932,368
921,371
910,366
905,370
905,375
901,381
906,384
904,389
917,394
922,394
942,384
947,384
969,374

3
904,389
913,398
917,394

16
937,409
922,394
926,402
934,411
944,417
948,421
951,426
958,426
972,419
965,415
955,411
949,403
946,397
943,392
942,384
922,394

16
968,434
958,426
965,435
962,436
961,441
958,443
958,449
961,451
966,448
971,444
973,441
973,438
970,435
970,431
970,429
958,426

10
972,423
970,429
972,428
974,431
978,434
979,434
982,430
972,419
958,426
970,429