////////////////////////////////////////////////////////////////////////////////////////////////
Name
$$$$$$
1
$$$$$$
&&&&&&
Western Europe
854,403
&&&&&&
////////////////////////////////////////////////////////////////////////////////////////////////
Nachbarn
------
01
20
22
25
------
///////////////////////////////////////////////////////////////////////////////////////
FigurePositions:
*******
820,407
839,434
861,410
882,386
858,367
*******
///////////////////////////////////////////////////////////////////////////////////////
Flächen:

29
890,381
913,398
904,389
906,384
901,381
905,375
905,370
910,366
902,363
897,356
886,349
875,346
865,352
848,358
841,358
838,362
841,367
848,375
855,379
858,385
859,391
857,399
871,417
880,406
888,399
896,399
900,404
908,404
913,398

26
849,415
857,399
847,401
838,398
823,397
811,397
808,401
811,404
813,410
810,417
807,429
806,440
809,442
809,447
818,447
825,448
829,454
833,455
838,454
850,448
865,447
874,443
875,432
871,426
871,417
857,399
