////////////////////////////////////////////////////////////////////////////////////////////////
Name
&&&&&&
Afghanistan
1268,377
&&&&&&
////////////////////////////////////////////////////////////////////////////////////////////////
Neighbors
------
23
27
34
36
37
------
///////////////////////////////////////////////////////////////////////////////////////
FigurePositions:
*******
1195,346
1218,382
1246,346
1276,367
1311,382
1346,385
1290,419
1244,420
*******
///////////////////////////////////////////////////////////////////////////////////////
Flächen:

10
1319,384
1368,373
1353,361
1340,362
1333,356
1324,360
1315,360
1307,355
1305,352
1329,419

10
1319,384
1368,373
1363,383
1357,389
1360,395
1363,400
1359,405
1350,412
1340,417
1329,419

11
1242,350
1305,352
1301,344
1297,338
1290,338
1283,337
1276,331
1273,323
1267,317
1264,315
1256,315

28
1242,350
1305,352
1196,380
1196,377
1193,373
1193,371
1186,370
1181,373
1173,376
1167,378
1164,376
1163,366
1156,360
1152,355
1150,353
1152,349
1153,343
1157,338
1163,335
1171,332
1180,328
1188,322
1194,322
1202,325
1225,327
1236,326
1250,323
1256,315

3
1305,352
1196,380
1329,419

35
1301,424
1329,419
1330,427
1333,431
1338,433
1335,438
1339,444
1330,450
1327,452
1322,451
1309,442
1302,442
1290,444
1281,448
1268,456
1261,461
1256,462
1245,453
1239,446
1222,447
1212,440
1207,435
1200,432
1199,427
1203,421
1209,415
1210,411
1208,409
1191,404
1184,398
1179,394
1180,389
1186,383
1192,383
1196,380

3
1301,424
1329,419
1196,380

8
1194,406
1208,409
1201,409
1196,411
1192,412
1190,409
1191,404
1208,409


