////////////////////////////////////////////////////////////////////////////////////////////////
Name
$$$$$$
1
$$$$$$
&&&&&&
China
1481,429
&&&&&&
////////////////////////////////////////////////////////////////////////////////////////////////
Neighbors
------
27
28
32
35
36
38
------
///////////////////////////////////////////////////////////////////////////////////////
FigurePositions:
*******
1396,401
1447,407
1365,437
1406,467
1457,473
1497,419
1500,474
1583,429
1611,480
1574,513
*******
///////////////////////////////////////////////////////////////////////////////////////
Flächen:

15
1425,412
1395,357
1404,361
1411,361
1416,357
1428,365
1430,375
1458,382
1485,388
1516,397
1532,403
1537,403
1574,408
1590,407
1605,411

4
1537,403
1550,396
1554,396
1574,408

38
1425,412
1395,357
1394,365
1385,366
1376,369
1368,373
1363,383
1357,389
1360,395
1363,400
1359,405
1350,412
1340,417
1329,419
1330,427
1333,431
1338,433
1335,438
1339,444
1345,449
1355,455
1366,455
1369,460
1370,465
1365,471
1363,477
1378,484
1398,492
1424,498
1434,499
1440,507
1449,508
1459,503
1475,495
1480,495
1486,497
1490,501
1605,411

21
1546,468
1490,501
1499,501
1507,508
1511,514
1511,518
1507,519
1505,526
1512,530
1516,537
1519,547
1532,547
1534,542
1534,537
1541,537
1546,533
1550,531
1556,531
1562,536
1568,538
1574,548

3
1546,468
1490,501
1605,411

8
1624,425
1633,422
1637,425
1639,431
1639,438
1633,439
1628,435
1623,432

28
1591,475
1546,468
1605,411
1607,417
1615,424
1618,428
1624,425
1623,432
1621,438
1626,445
1632,451
1638,453
1644,458
1646,470
1648,481
1646,496
1642,510
1636,522
1622,533
1612,539
1601,549
1595,551
1593,560
1585,564
1579,563
1579,554
1574,548
1546,468