////////////////////////////////////////////////////////////////////////////////////////////////
Name
$$$$$$
1
$$$$$$
&&&&&&
India
1364,510
&&&&&&
////////////////////////////////////////////////////////////////////////////////////////////////
Neighbors
------
34
35
37
38
------
///////////////////////////////////////////////////////////////////////////////////////
FigurePositions:
*******
1293,479
1338,473
1318,512
1344,546
1363,505
1382,546
1426,527
1383,606
*******
///////////////////////////////////////////////////////////////////////////////////////
Flächen:

22
1349,484
1339,444
1330,450
1327,452
1322,451
1309,442
1302,442
1290,444
1281,448
1268,456
1261,461
1256,462
1257,470
1264,481
1274,490
1274,498
1273,507
1280,516
1284,518
1283,522
1278,526
1272,535

13
1349,484
1339,444
1345,449
1355,455
1366,455
1369,460
1370,465
1365,471
1363,477
1378,484
1398,492
1424,498
1272,535

26
1438,521
1424,498
1434,499
1440,507
1449,508
1459,503
1475,495
1480,495
1486,497
1490,501
1487,507
1478,509
1473,512
1474,521
1468,529
1462,539
1460,548
1453,553
1449,555
1443,552
1433,560
1427,570
1418,583
1411,594
1402,601
1424,498

38
1337,542
1424,498
1402,601
1401,606
1406,609
1405,615
1403,623
1396,630
1393,634
1395,636
1394,645
1389,653
1386,657
1379,654
1369,647
1363,637
1357,627
1350,616
1346,607
1343,598
1343,590
1339,583
1338,573
1336,563
1333,560
1332,557
1327,561
1323,562
1320,563
1318,560
1315,557
1315,553
1320,548
1311,548
1306,547
1303,541
1299,535
1424,498

7
1308,526
1424,498
1299,535
1292,533
1281,533
1272,535
1424,498
