////////////////////////////////////////////////////////////////////////////////////////////////
Name
&&&&&&
Irkutsk
1510,296
&&&&&&
////////////////////////////////////////////////////////////////////////////////////////////////
Neighbors
------
28
29
30
32
------
///////////////////////////////////////////////////////////////////////////////////////
FigurePositions:
*******
1429,302
1490,306
1512,271
1537,310
1557,267
1584,276
*******
///////////////////////////////////////////////////////////////////////////////////////
Flächen:

14
1417,307
1421,326
1397,311
1395,307
1400,300
1392,293
1392,276
1400,277
1406,284
1419,278
1435,280
1452,275
1459,290
1474,289

11
1417,307
1421,326
1426,326
1430,328
1435,324
1438,325
1442,328
1452,328
1453,319
1462,320
1474,289

23
1526,293
1462,320
1474,289
1476,272
1474,257
1488,252
1499,246
1511,245
1522,234
1527,224
1531,221
1534,226
1539,239
1544,240
1555,234
1573,233
1588,237
1596,244
1607,246
1608,254
1610,263
1602,272
1603,278

16
1526,293
1462,320
1475,325
1493,329
1518,332
1530,335
1540,333
1556,329
1561,325
1566,325
1578,327
1582,314
1585,304
1589,297
1591,297
1603,278

4
1566,325
1571,335
1573,335
1578,327

9
1612,286
1603,278
1615,279
1633,288
1645,297
1660,313
1668,322
1668,324
1664,329

11
1612,286
1603,278
1591,297
1594,303
1599,303
1607,297
1614,297
1624,308
1644,325
1655,329
1664,329