////////////////////////////////////////////////////////////////////////////////////////////////
Name
&&&&&&
Yakutia
1580,170
&&&&&&
////////////////////////////////////////////////////////////////////////////////////////////////
Neighbors
------
28
30
31
------
///////////////////////////////////////////////////////////////////////////////////////
FigurePositions:
*******
1529,153
1552,190
1580,161
1624,162
1594,199
1513,206
1661,167
*******
///////////////////////////////////////////////////////////////////////////////////////
Flächen:

23
1548,165
1499,246
1497,237
1500,231
1493,221
1494,209
1492,198
1490,184
1500,175
1498,159
1508,144
1501,134
1501,129
1505,128
1538,130
1545,134
1546,138
1549,143
1552,146
1556,144
1560,141
1585,142
1590,141

40
1548,165
1499,246
1499,248
1511,245
1522,234
1527,224
1531,221
1534,226
1539,239
1544,240
1555,234
1573,233
1588,237
1596,244
1607,246
1608,237
1616,231
1626,229
1619,218
1632,208
1647,202
1664,196
1674,194
1672,182
1678,174
1682,169
1692,168
1704,164
1706,154
1692,147
1685,144
1674,145
1664,141
1643,142
1638,138
1630,136
1623,129
1612,129
1608,132
1590,141

16
1586,122
1590,141
1608,132
1605,132
1601,129
1596,123
1596,121
1600,118
1605,114
1605,112
1598,110
1579,111
1579,119
1577,131
1587,137
1590,141

8
1480,189
1492,198
1472,193
1466,185
1467,181
1473,181
1490,184
1492,198

11
1674,202
1664,196
1671,206
1678,212
1682,212
1689,203
1690,196
1686,190
1682,190
1674,194
1664,196

11
1566,113
1579,119
1568,120
1557,117
1549,110
1549,109
1554,105
1561,104
1567,109
1579,111
1579,119