////////////////////////////////////////////////////////////////////////////////////////////////
Name
$$$$$$
1
$$$$$$
&&&&&&
Japan
1728,393
&&&&&&
////////////////////////////////////////////////////////////////////////////////////////////////
Neighbors
------
30
32
------
///////////////////////////////////////////////////////////////////////////////////////
FigurePositions:
*******
1710,311
1732,362
1734,406
1712,431
*******
///////////////////////////////////////////////////////////////////////////////////////
Flächen:

23
1711,320
1715,345
1707,338
1699,332
1701,324
1697,312
1690,302
1686,294
1681,282
1679,276
1678,270
1680,267
1687,274
1696,286
1702,295
1708,304
1715,314
1722,320
1722,322
1719,325
1719,329
1722,338
1715,345

24
1736,360
1725,383
1718,379
1716,374
1722,370
1728,366
1729,363
1719,365
1714,361
1709,355
1716,352
1715,345
1722,338
1724,343
1732,347
1735,346
1737,350
1742,349
1746,354
1747,358
1742,360
1743,376
1742,394
1725,383

31
1741,412
1731,427
1723,438
1715,441
1706,450
1697,461
1694,459
1694,455
1698,446
1697,445
1689,448
1687,442
1688,434
1697,427
1702,421
1706,413
1712,405
1718,404
1718,395
1721,388
1725,383
1742,394
1749,401
1756,408
1755,412
1753,414
1749,418
1745,417
1746,426
1735,425
1731,427

5
1706,450
1704,458
1705,461
1700,463
1697,461