////////////////////////////////////////////////////////////////////////////////////////////////
Name
&&&&&&
Kamchatka
1749,173
&&&&&&
////////////////////////////////////////////////////////////////////////////////////////////////
Neighbors
------
11
29
31
32
33
------
///////////////////////////////////////////////////////////////////////////////////////
FigurePositions:
*******
1728,180
1774,165
1806,194
1772,214
1756,266
1694,230
1656,222
1624,259
*******
///////////////////////////////////////////////////////////////////////////////////////
Flächen:

58
1745,169
1706,154
1715,153
1722,150
1733,150
1739,144
1744,147
1749,147
1753,143
1757,148
1765,141
1768,138
1772,138
1780,146
1798,152
1815,159
1831,165
1840,171
1850,171
1872,183
1835,187
1824,186
1822,194
1817,197
1822,202
1826,206
1827,212
1818,212
1815,211
1809,221
1801,230
1793,236
1788,235
1786,232
1777,238
1772,233
1770,229
1755,214
1747,218
1744,226
1740,229
1737,229
1731,221
1727,220
1720,222
1717,227
1682,212
1689,203
1690,196
1686,190
1682,190
1674,194
1672,182
1678,174
1682,169
1692,168
1704,164
1706,154

6
1872,183
1875,188
1872,197
1859,201
1846,196
1835,187

23
1646,233
1607,245
1608,237
1616,231
1626,229
1619,218
1632,208
1647,202
1664,196
1671,206
1678,212
1682,212
1717,227
1720,231
1722,234
1723,236
1713,242
1682,242
1662,241
1650,238
1639,247
1634,261
1607,245

6
1628,275
1634,261
1635,272
1644,272
1649,276
1653,277

13
1628,275
1634,261
1607,245
1608,254
1610,263
1602,272
1603,278
1615,279
1633,288
1645,297
1660,313
1668,322
1653,277

9
1679,325
1653,277
1668,322
1668,324
1664,329
1665,339
1664,352
1660,360
1658,371

14
1679,325
1653,277
1657,270
1662,273
1668,279
1675,290
1685,305
1689,317
1691,329
1688,345
1680,359
1671,373
1665,375
1658,371

21
1753,242
1770,229
1766,235
1762,242
1763,250
1770,260
1774,266
1763,278
1765,285
1767,289
1763,301
1747,288
1736,276
1727,266
1723,258
1737,247
1743,240
1749,229
1756,220
1755,214
1770,229
