////////////////////////////////////////////////////////////////////////////////////////////////
Name
&&&&&&
Middle East
1171,460
&&&&&&
////////////////////////////////////////////////////////////////////////////////////////////////
Neighbors
------
03
06
23
25
35
36
------
///////////////////////////////////////////////////////////////////////////////////////
FigurePositions:
*******
1224,474
1246,514
1186,477
1140,449
1097,436
1055,438
1171,590
1224,565
1156,542
1125,491
*******
///////////////////////////////////////////////////////////////////////////////////////
Flächen:

25
1223,475
1256,462
1257,470
1264,481
1274,490
1274,498
1273,507
1280,516
1284,518
1283,522
1278,526
1272,535
1260,540
1251,537
1246,533
1242,529
1236,531
1226,531
1219,525
1205,519
1200,515
1200,507
1196,502
1189,501
1182,501

12
1223,475
1256,462
1245,453
1239,446
1222,447
1212,440
1211,444
1207,450
1193,451
1184,449
1177,446
1182,501

9
1146,515
1182,501
1177,506
1176,507
1180,511
1186,516
1190,520
1190,525
1193,536

43
1195,572
1193,536
1200,537
1204,533
1208,537
1210,545
1208,550
1209,554
1214,551
1225,544
1233,538
1237,537
1242,542
1245,546
1251,550
1259,555
1263,560
1260,568
1250,575
1251,586
1245,588
1240,588
1236,597
1230,604
1222,602
1213,606
1203,609
1195,615
1184,614
1177,622
1172,626
1168,625
1160,619
1155,608
1150,592
1142,578
1131,566
1117,553
1110,542
1100,529
1094,519
1146,515
1193,536

38
1100,450
1020,429
1027,420
1033,411
1035,408
1041,412
1046,414
1059,415
1068,407
1079,406
1091,409
1099,414
1113,415
1122,412
1125,409
1138,414
1145,421
1153,431
1161,438
1165,439
1168,437
1175,436
1177,446
1182,501
1146,515
1094,519
1091,516
1090,505
1087,498
1085,489
1083,484
1085,476
1092,464
1090,457
1086,456
1065,457
1060,454
1020,429

9
1071,463
1086,456
1081,464
1074,469
1064,468
1058,468
1065,463
1065,457
1086,456

14
1044,446
1060,454
1058,456
1055,460
1046,460
1044,456
1039,456
1034,460
1031,455
1027,446
1024,439
1022,433
1020,428
1060,454