////////////////////////////////////////////////////////////////////////////////////////////////
Name
&&&&&&
Mongolia
1566,353
&&&&&&
////////////////////////////////////////////////////////////////////////////////////////////////
Neighbors
------
28
30
31
33
34
------
///////////////////////////////////////////////////////////////////////////////////////
FigurePositions:
*******
1445,355
1480,344
1508,377
1535,351
1573,381
1596,329
1638,367
*******
///////////////////////////////////////////////////////////////////////////////////////
Flächen:

19
1459,353
1416,357
1422,349
1421,339
1421,326
1426,326
1430,328
1435,324
1438,325
1442,328
1452,328
1453,319
1462,320
1475,325
1493,329
1518,332
1530,335
1540,333
1556,329

12
1459,353
1416,357
1428,365
1430,375
1458,382
1485,388
1516,397
1532,403
1537,403
1550,396
1554,396
1556,329

9
1578,371
1556,329
1554,396
1574,408
1590,407
1605,411
1613,404
1620,396
1650,391

26
1578,371
1556,329
1561,325
1566,325
1571,335
1573,335
1578,327
1582,314
1585,304
1589,297
1591,297
1594,303
1599,303
1607,297
1614,297
1624,308
1644,325
1655,329
1664,329
1665,339
1664,352
1660,360
1658,371
1658,379
1655,389
1650,391

19
1653,404
1620,396
1650,391
1659,401
1674,417
1683,422
1683,427
1674,435
1660,421
1655,422
1651,426
1649,418
1650,411
1644,409
1636,410
1626,406
1622,403
1624,401
1620,396

5
1674,435
1666,437
1661,432
1659,429
1660,421