////////////////////////////////////////////////////////////////////////////////////////////////
Name
&&&&&&
Siberia
1387,180
&&&&&&
////////////////////////////////////////////////////////////////////////////////////////////////
Neighbors
------
27
29
31
32
34
------
///////////////////////////////////////////////////////////////////////////////////////
FigurePositions:
*******
1377,251
1418,221
1445,254
1469,212
1366,202
1437,176
1385,164
1334,153
1388,124
1472,149
*******
///////////////////////////////////////////////////////////////////////////////////////
Flächen:

14
1298,165
1281,169
1280,165
1280,161
1277,158
1275,153
1277,150
1279,147
1282,147
1286,150
1290,150
1313,189
1298,174
1281,169

34
1333,143
1290,150
1290,147
1289,145
1286,142
1286,140
1290,135
1305,134
1319,126
1331,121
1349,115
1363,106
1381,105
1405,102
1410,104
1419,108
1430,109
1439,107
1448,108
1453,115
1455,118
1451,120
1446,121
1437,124
1427,127
1420,132
1422,135
1430,134
1321,207
1319,214
1315,214
1312,208
1313,189
1290,150

16
1381,87
1381,105
1381,101
1378,95
1356,96
1352,96
1345,91
1340,87
1335,89
1351,74
1361,75
1378,81
1389,86
1398,95
1405,102
1381,105

11
1333,77
1335,89
1334,92
1328,92
1322,89
1321,79
1324,73
1328,70
1347,68
1351,74
1335,89

25
1450,158
1430,134
1440,129
1449,129
1455,131
1464,132
1470,129
1480,128
1489,132
1498,135
1501,134
1508,144
1498,159
1500,175
1490,184
1473,181
1467,181
1371,285
1352,268
1353,252
1337,241
1325,235
1331,218
1321,207
1430,134

22
1452,229
1392,276
1400,277
1406,284
1419,278
1435,280
1452,275
1459,290
1474,289
1476,272
1474,257
1488,252
1499,246
1497,237
1500,231
1493,221
1494,209
1492,198
1472,193
1466,185
1467,181
1392,276

3
1371,285
1467,181
1392,276

18
1377,294
1371,285
1365,286
1353,298
1349,309
1353,311
1370,304
1363,319
1367,324
1380,327
1383,322
1390,322
1397,311
1395,307
1400,300
1392,293
1392,276
1371,285

13
1413,333
1390,322
1399,332
1401,346
1395,357
1404,361
1411,361
1416,357
1422,349
1421,339
1421,326
1397,311
1390,322