////////////////////////////////////////////////////////////////////////////////////////////////
Name
&&&&&&
South Ost Asia
1523,560
&&&&&&
////////////////////////////////////////////////////////////////////////////////////////////////
Neighbors
------
34
36
42
------
///////////////////////////////////////////////////////////////////////////////////////
FigurePositions:
*******
1493,528
1519,572
1547,553
1577,606
1548,592
*******
///////////////////////////////////////////////////////////////////////////////////////
Flächen:

9
1499,513
1490,501
1487,507
1478,509
1473,512
1474,521
1468,529
1462,539
1460,548

9
1499,513
1490,501
1499,501
1507,508
1511,514
1511,518
1507,519
1505,526
1460,548

18
1508,556
1532,547
1508,579
1503,579
1498,590
1492,594
1484,591
1482,587
1485,580
1482,572
1475,564
1465,556
1460,548
1505,526
1512,530
1516,537
1519,547
1532,547

15
1554,541
1532,547
1534,542
1534,537
1541,537
1546,533
1550,531
1556,531
1562,536
1568,538
1574,548
1566,551
1560,558
1564,567
1532,547

17
1564,597
1532,547
1564,567
1572,574
1585,588
1594,596
1593,611
1588,625
1578,631
1574,630
1572,640
1564,627
1557,619
1547,614
1537,608
1508,579
1532,547

18
1525,613
1531,650
1523,644
1517,635
1514,627
1515,620
1517,613
1514,607
1510,602
1507,594
1508,588
1508,579
1537,608
1535,614
1539,620
1532,625
1528,630
1531,650

20
1545,666
1528,630
1532,634
1539,646
1548,653
1558,657
1567,663
1564,669
1559,674
1562,677
1569,685
1570,687
1566,689
1557,688
1549,682
1543,676
1542,669
1536,661
1531,650
1528,630