////////////////////////////////////////////////////////////////////////////////////////////////
Name
&&&&&&
Ural
1293,266
&&&&&&
////////////////////////////////////////////////////////////////////////////////////////////////
Neighbors
------
23
28
34
35
------
///////////////////////////////////////////////////////////////////////////////////////
FigurePositions:
*******
1261,229
1296,207
1310,247
1283,264
1267,292
1302,321
1329,285
1358,339
*******
///////////////////////////////////////////////////////////////////////////////////////
Flächen:

21
1252,162
1238,177
1238,171
1235,169
1235,146
1239,141
1243,138
1247,137
1255,141
1264,147
1269,150
1269,155
1265,159
1264,162
1266,167
1273,173
1276,177
1277,183
1272,190
1265,195
1238,177

28
1312,302
1368,373
1353,361
1340,362
1333,356
1324,360
1315,360
1307,355
1305,352
1301,344
1297,338
1290,338
1283,337
1276,331
1273,323
1267,317
1264,315
1256,315
1257,310
1247,289
1232,275
1231,266
1239,245
1239,227
1235,211
1247,196
1247,188
1238,177

7
1247,188
1265,195
1238,177
1265,201
1368,373
1312,302
1238,177

3
1247,188
1265,195
1265,201

24
1290,220
1265,201
1269,204
1274,203
1279,198
1280,195
1283,192
1284,183
1298,174
1313,189
1312,208
1315,214
1319,214
1331,218
1325,235
1337,241
1353,252
1352,268
1371,285
1365,286
1353,298
1349,309
1368,373
1265,201

3
1319,214
1321,207
1331,218

5
1298,174
1284,183
1280,179
1279,173
1281,169

9
1356,323
1349,309
1353,311
1370,304
1363,319
1367,324
1380,327
1368,373
1349,309

12
1384,346
1380,327
1383,322
1390,322
1399,332
1401,346
1395,357
1394,365
1385,366
1376,369
1368,373
1380,327