////////////////////////////////////////////////////////////////////////////////////////////////
Name
$$$$$$
1
$$$$$$
&&&&&&
Agypt
1013,527
&&&&&&
///////////////////////////////////////////////////////////////////////////////////////
Neighbors:
---------
01
03
37
25
---------
///////////////////////////////////////////////////////////////////////////////////////
FigurePositions:
*******
959,503
982,541
1002,506
1022,546
1046,509
1073,544
*******
///////////////////////////////////////////////////////////////////////////////////////
Flächen:

38
1012,518
1087,498
1071,499
1039,490
1025,487
1010,487
997,479
992,479
993,495
990,498
975,494
955,492
924,483
926,488
938,495
938,500
934,504
933,513
941,525
941,547
962,555
984,559
1002,558
1019,578
1032,571
1040,560
1062,561
1072,564
1085,564
1098,555
1105,553
1106,545
1096,534
1090,527
1085,520
1092,516
1090,505
1087,498

7
939,482
955,492
952,483
942,478
931,476
924,483
955,492