////////////////////////////////////////////////////////////////////////////////////////////////
Name
&&&&&&
Madascar
1156,853
&&&&&&
////////////////////////////////////////////////////////////////////////////////////////////////
Neighbors
------
03
04
------
///////////////////////////////////////////////////////////////////////////////////////
FigurePositions:
*******
1191,830
1157,848
1165,882
1183,858
*******
///////////////////////////////////////////////////////////////////////////////////////
Flächen:

34
1172,864
1153,838
1168,838
1170,834
1173,828
1177,822
1182,823
1186,820
1191,811
1195,811
1202,818
1202,827
1199,836
1194,850
1185,858
1177,867
1176,881
1174,889
1170,895
1163,897
1158,897
1151,895
1144,892
1141,888
1139,886
1139,883
1142,880
1142,871
1146,867
1146,860
1149,856
1149,846
1152,840
1153,838