////////////////////////////////////////////////////////////////////////////////////////////////
Name
&&&&&&
Northafrica
878,578
&&&&&&
////////////////////////////////////////////////////////////////////////////////////////////////
Nachbarn
------
02
03
06
08
26
------
///////////////////////////////////////////////////////////////////////////////////////
FigurePositions:
*******
892,490
832,496
803,545
870,554
923,540
971,588
918,608
835,588
807,647
868,641
*******
///////////////////////////////////////////////////////////////////////////////////////
Flächen:

70
830,554
931,476
924,483
926,488
938,495
938,500
934,504
933,513
941,525
941,547
962,555
984,559
1002,558
1019,578
1019,578
1031,591
1027,607
1017,620
1025,640
1025,640
1013,650
993,658
980,666
974,682
980,702
965,704
950,703
933,693
923,684
914,683
901,673
878,672
868,680
864,680
854,674
851,674
832,684
819,683
811,677
800,668
783,647
772,634
759,620
757,606
760,595
764,580
764,572
756,562
756,559
767,547
770,529
776,522
800,511
806,504
807,497
804,494
804,488
815,478
827,469
833,458
837,458
843,465
854,463
869,461
891,451
923,451
931,454
938,463
936,469
931,476

5
935,699
950,703
932,702
933,693
950,703