////////////////////////////////////////////////////////////////////////////////////////////////
Name
&&&&&&
Eastafrica
1121,659
&&&&&&
////////////////////////////////////////////////////////////////////////////////////////////////
Neighbors
------
01
02
04
05
06
37
------
///////////////////////////////////////////////////////////////////////////////////////
FigurePositions:
*******
1054,589
1103,578
1080,622
1131,644
1175,666
1142,697
1102,749
1048,639
1097,662
*******
///////////////////////////////////////////////////////////////////////////////////////
Flächen:

28
1094,619
1160,646
1151,626
1137,609
1131,595
1122,574
1110,562
1107,561
1108,556
1105,553
1098,555
1085,564
1072,564
1062,561
1040,560
1032,571
1019,578
1031,591
1027,607
1017,620
1025,640
1035,653
1049,668
1060,685
1066,684
1068,681
1078,693
1160,646

26
1152,692
1160,646
1172,646
1198,643
1211,636
1212,642
1209,646
1210,657
1187,688
1179,709
1163,721
1137,743
1126,770
1114,800
1095,811
1096,791
1081,772
1069,752
1075,740
1081,729
1089,719
1103,708
1108,700
1107,692
1078,693
1160,646

7
1120,784
1114,800
1126,770
1126,782
1141,793
1130,797
1114,800