////////////////////////////////////////////////////////////////////////////////////////////////
Name
$$$$$$
1
$$$$$$
&&&&&&
Southafrica
1034,862
&&&&&&
////////////////////////////////////////////////////////////////////////////////////////////////
Neighbors
------
02
03
05
------
///////////////////////////////////////////////////////////////////////////////////////
FigurePositions:
*******
980,792
969,844
1018,828
1053,862
1076,815
1115,827
1068,904
1005,875
1031,917
1005,953
*******
///////////////////////////////////////////////////////////////////////////////////////
Flächen:

22
1092,845
1069,752
1081,772
1096,791
1095,811
1114,800
1130,797
1141,793
1143,803
1143,824
1138,836
1113,855
1108,856
1107,878
1096,893
1085,904
1058,811
1066,801
1060,784
1068,778
1070,767
1069,752

40
980,817
958,763
972,756
992,779
1005,772
1018,780
1018,784
1015,788
1015,794
1020,800
1050,798
1058,811
1085,904
1085,913
1090,917
1090,925
1081,932
1072,938
1071,954
1056,960
1037,966
1023,966
1006,976
1000,973
997,969
996,964
990,943
975,915
970,903
971,881
957,856
952,844
948,832
961,823
961,812
956,792
955,779
960,774
961,768
958,763

3
996,964
985,951
990,943

4
948,832
950,814
955,815
961,823