////////////////////////////////////////////////////////////////////////////////////////////////
Name
&&&&&&
Central Africa
1015,718
&&&&&&
////////////////////////////////////////////////////////////////////////////////////////////////
Nachbarn
------
01
03
04
------
///////////////////////////////////////////////////////////////////////////////////////
FigurePositions:
*******
964,725
1000,751
1010,709
995,677
1035,678
1064,703
1039,735
1045,778
*******
///////////////////////////////////////////////////////////////////////////////////////
Flächen:

44
1040,720
932,702
950,703
965,704
980,702
974,682
980,666
993,658
1013,650
1025,640
1035,653
1049,668
1060,685
1066,684
1068,681
1078,693
1107,692
1108,700
1103,708
1089,719
1081,729
1075,740
1069,752
1070,767
1068,778
1059,784
1066,801
1058,811
1050,798
1020,800
1015,794
1015,788
1018,784
1018,780
1005,772
992,779
972,756
958,763
951,753
937,738
923,728
923,724
932,715
932,702