////////////////////////////////////////////////////////////////////////////////////////////////
Name
&&&&&&
Argentina
544,812
&&&&&&
////////////////////////////////////////////////////////////////////////////////////////////////
Neighbors
------
08
09
------
///////////////////////////////////////////////////////////////////////////////////////
FigurePositions:
*******
509,779
561,793
565,851
530,822
501,854
525,892
493,925
517,965
*******
///////////////////////////////////////////////////////////////////////////////////////
Flächen:

39
517,815
483,733
505,753
519,753
547,757
563,765
582,776
578,784
583,789
596,789
589,800
605,813
608,831
592,838
589,841
593,851
591,858
584,865
576,867
564,868
559,873
559,882
548,893
546,908
540,918
538,948
531,957
533,1003
525,1003
516,993
502,981
489,963
479,951
472,938
472,878
476,849
479,821
482,783
483,733

4
540,918
544,926
541,940
538,948

14
540,988
531,957
538,966
539,973
554,986
569,995
584,1002
571,1008
562,1011
553,1008
545,999
539,999
533,1003
531,957

