////////////////////////////////////////////////////////////////////////////////////////////////
Name
$$$$$$
1
$$$$$$
&&&&&&
Brasil
620,656
&&&&&&
////////////////////////////////////////////////////////////////////////////////////////////////
Neighbors
------
01
07
09
10
------
///////////////////////////////////////////////////////////////////////////////////////
FigurePositions:
*******
493,644
532,606
548,654
582,618
582,677
607,722
622,781
654,731
672,676
628,644
*******
///////////////////////////////////////////////////////////////////////////////////////
Flächen:

37
544,656
461,621
474,624
485,617
481,598
514,597
538,583
548,594
585,594
612,580
624,591
629,602
640,608
652,610
669,619
696,627
719,637
726,654
714,669
705,682
700,696
704,712
696,723
686,736
678,753
650,757
637,772
634,784
633,798
607,775
580,722
555,691
515,671
479,679
475,658
448,654
461,621

7
633,798
619,815
608,831
605,813
589,800
596,789
607,775

3
607,775
594,760
580,722