////////////////////////////////////////////////////////////////////////////////////////////////
Name
&&&&&&
Peru
509,706
&&&&&&
////////////////////////////////////////////////////////////////////////////////////////////////
Neighbors
------
07
08
10
------
///////////////////////////////////////////////////////////////////////////////////////
FigurePositions:
*******
430,625
439,675
474,700
517,689
548,711
515,732
573,745
*******
///////////////////////////////////////////////////////////////////////////////////////
Flächen:

19
426,637
483,733
481,730
472,722
458,714
450,711
430,689
410,662
400,649
399,640
405,633
406,619
403,613
408,607
415,606
434,607
461,621
448,654
483,733

16
472,694
448,654
475,658
479,679
515,671
555,691
580,722
594,760
607,775
582,776
563,765
547,757
519,753
505,753
483,733
448,654

6
596,789
607,775
583,789
578,784
582,776
607,775
