////////////////////////////////////////////////////////////////////////////////////////////////
Name
&&&&&&
Venezuela
497,561
&&&&&&
////////////////////////////////////////////////////////////////////////////////////////////////
Neighbors
------
08
09
19
------
///////////////////////////////////////////////////////////////////////////////////////
FigurePositions:
*******
584,577
552,572
520,544
498,580
480,545
462,571
434,589
428,560
*******
///////////////////////////////////////////////////////////////////////////////////////
Flächen:

26
537,573
481,598
431,549
434,548
441,539
445,537
459,530
472,527
489,537
493,532
506,530
509,536
516,537
520,534
526,533
543,546
555,550
569,561
591,568
606,574
612,580
585,594
548,594
538,583
514,597
481,598

4
489,537
487,534
482,524
472,527

20
435,565
415,606
415,597
422,585
421,570
415,561
405,555
396,546
396,546
409,542
413,546
417,543
424,543
431,549
481,598
485,617
474,624
461,621
434,607
415,606